CO2 INIT Wait 10 seconds for sensor initialization...
10
9
8
7
6
5
4
3
2
1
Commands:
Tx.xxx - Set Temperature
Cx.xx - Set Co2
Sxxx - Shaker speed
V to toggle verbose mode.
COO kp: 2267.77 ki: 21.81 kd: 0.00
TEMP kp: 20.00 ki: 0.05 kd: 1.50
$0.00 0.11 0.00 17.70 45.70;
$0.00 0.11 0.00 17.70 45.70;
$0.00 0.11 0.00 17.70 45.70;
$0.00 0.11 0.00 17.70 45.70;
$0.00 0.11 0.00 17.70 45.70;
$0.00 0.12 0.00 17.70 45.70;
$0.00 0.12 0.00 17.70 45.70;
$0.00 0.12 0.00 17.70 45.70;
$0.00 0.12 0.00 17.70 45.70;
$0.00 0.12 0.00 17.70 45.70;
$0.00 0.12 0.00 17.70 45.70;
$0.00 0.12 0.00 17.70 45.70;
$0.00 0.12 0.00 17.70 45.70;
$0.00 0.13 0.00 17.70 45.70;
$0.00 0.14 0.00 17.70 45.70;
$0.00 0.15 0.00 17.70 45.70;
$0.00 0.15 0.00 17.70 45.70;
$0.00 0.16 0.00 17.70 45.70;
$0.00 0.16 0.00 17.70 45.70;
$0.00 0.16 0.00 17.70 45.70;
$0.00 0.16 0.00 17.70 45.80;
$0.00 0.16 0.00 17.70 45.80;
$0.00 0.16 0.00 17.70 45.80;
$0.00 0.16 0.00 17.70 45.80;
$0.00 0.16 0.00 17.70 45.80;
$0.00 0.16 0.00 17.70 45.80;
$0.00 0.16 0.00 17.70 45.80;
$0.00 0.16 0.00 17.70 45.80;
$0.00 0.16 0.00 17.70 45.80;
$0.00 0.16 0.00 17.70 45.80;
$0.00 0.16 0.00 17.70 45.80;
$0.00 0.16 0.00 17.70 45.80;
$0.00 0.16 0.00 17.70 45.80;
$0.00 0.16 0.00 17.70 45.80;
$0.00 0.16 0.00 17.80 45.90;
$0.00 0.16 0.00 17.80 45.90;
$0.00 0.16 0.00 17.70 45.80;
$0.00 0.16 0.00 17.70 45.80;
$0.00 0.16 0.00 17.70 45.80;
$0.00 0.16 0.00 17.70 45.80;
$0.00 0.16 0.00 17.70 45.80;
$0.00 0.16 0.00 17.70 45.80;
$0.00 0.16 0.00 17.70 45.80;
$0.00 0.16 0.00 17.70 45.80;
$0.00 0.16 0.00 17.70 45.80;
$0.00 0.16 0.00 17.70 45.80;
$0.00 0.16 0.00 17.70 45.80;
$0.00 0.16 0.00 17.70 45.80;
$0.00 0.16 0.00 17.80 45.90;
$0.00 0.16 0.00 17.80 45.90;
$0.00 0.16 0.00 17.80 45.90;
$0.00 0.16 0.00 17.80 45.90;
$0.00 0.16 0.00 17.80 45.90;
$0.00 0.16 0.00 17.80 45.90;
$0.00 0.16 0.00 17.70 45.80;
$0.00 0.16 0.00 17.70 45.80;
$0.00 0.16 0.00 17.80 45.90;
$0.00 0.16 0.00 17.80 45.90;
$0.00 0.16 0.00 17.80 45.90;
$0.00 0.16 0.00 17.80 45.90;
$0.00 0.16 0.00 17.80 45.90;
$0.00 0.16 0.00 17.80 45.90;
$0.00 0.16 0.00 17.80 45.90;
$0.00 0.16 0.00 17.80 45.90;
$0.00 0.16 0.00 17.80 45.90;
$0.00 0.16 0.00 17.80 45.90;
$0.00 0.16 0.00 17.80 45.90;
$0.00 0.16 0.00 17.80 45.90;
$0.00 0.16 0.00 17.80 45.90;
$0.00 0.16 0.00 17.80 45.90;
$0.00 0.16 0.00 17.80 45.90;
$0.00 0.16 0.00 17.80 45.90;
$0.00 0.16 0.00 17.80 45.90;
$0.00 0.16 0.00 17.80 45.90;
$0.00 0.16 0.00 17.80 45.90;
$0.00 0.16 0.00 17.80 45.90;
$0.00 0.16 0.00 17.80 45.90;
$0.00 0.16 0.00 17.80 45.90;
$0.00 0.16 0.00 17.80 46.00;
$0.00 0.16 0.00 17.80 46.00;
$0.00 0.16 0.00 17.80 46.00;
$0.00 0.16 0.00 17.80 46.00;
$0.00 0.16 0.00 17.80 46.00;
$0.00 0.16 0.00 17.80 46.00;
$0.00 0.16 0.00 17.80 46.00;
$0.00 0.16 0.00 17.80 46.00;
$0.00 0.16 0.00 17.80 46.00;
$0.00 0.16 0.00 17.80 46.00;
$0.00 0.15 0.00 17.80 46.00;
$0.00 0.15 0.00 17.80 46.00;
$0.00 0.15 0.00 17.80 46.00;
$0.00 0.15 0.00 17.80 46.00;
$0.00 0.15 0.00 17.80 46.00;
$0.00 0.15 0.00 17.80 46.00;
$0.00 0.15 0.00 17.80 46.00;
$0.00 0.15 0.00 17.80 46.00;
$0.00 0.15 0.00 17.80 46.00;
$0.00 0.15 0.00 17.80 46.00;
$0.00 0.15 0.00 17.80 46.00;
$0.00 0.15 0.00 17.80 46.00;
$0.00 0.15 0.00 17.80 46.00;
$0.00 0.15 0.00 17.80 46.00;
$0.00 0.15 0.00 17.80 46.00;
$0.00 0.15 0.00 17.80 46.00;
$0.00 0.15 0.00 17.80 46.00;
$0.00 0.15 0.00 17.80 46.00;
$0.00 0.15 0.00 17.80 46.00;
$0.00 0.15 0.00 17.80 46.00;
$0.00 0.15 0.00 17.80 46.00;
$0.00 0.15 0.00 17.80 46.00;
$0.00 0.15 0.00 17.80 46.00;
$0.00 0.15 0.00 17.80 46.00;
$0.00 0.15 0.00 17.80 46.00;
$0.00 0.14 0.00 17.80 46.00;
$0.00 0.14 0.00 17.80 46.00;
$0.00 0.14 0.00 17.80 46.00;
$0.00 0.14 0.00 17.80 46.00;
$0.00 0.14 0.00 17.80 46.00;
$0.00 0.14 0.00 17.90 46.10;
$0.00 0.14 0.00 17.90 46.10;
$0.00 0.14 0.00 17.80 46.00;
$0.00 0.14 0.00 17.80 46.00;
$0.00 0.14 0.00 17.80 46.00;
$0.00 0.14 0.00 17.80 46.00;
$0.00 0.14 0.00 17.80 46.00;
$0.00 0.14 0.00 17.80 46.00;
$0.00 0.14 0.00 17.90 46.00;
$0.00 0.14 0.00 17.90 46.00;
$0.00 0.14 0.00 17.80 46.00;
$0.00 0.14 0.00 17.80 46.00;
$0.00 0.14 0.00 17.90 46.10;
$0.00 0.14 0.00 17.90 46.10;
$0.00 0.14 0.00 17.90 46.10;
$0.00 0.14 0.00 17.90 46.10;
$0.00 0.14 0.00 17.90 46.00;
$0.00 0.14 0.00 17.90 46.00;
$0.00 0.14 0.00 17.90 46.10;
$0.00 0.14 0.00 17.90 46.10;
$0.00 0.14 0.00 17.90 46.10;
$0.00 0.13 0.00 17.90 46.10;
$0.00 0.13 0.00 17.90 46.10;
$0.00 0.13 0.00 17.90 46.10;
$0.00 0.13 0.00 17.90 46.10;
$0.00 0.13 0.00 17.90 46.10;
$0.00 0.13 0.00 17.90 46.10;
$0.00 0.13 0.00 17.90 46.10;
$0.00 0.13 0.00 17.90 46.10;
$0.00 0.13 0.00 17.90 46.10;
$0.00 0.13 0.00 17.90 46.10;
$0.00 0.13 0.00 17.90 46.10;
$0.00 0.13 0.00 17.90 46.10;
$0.00 0.13 0.00 17.90 46.10;
$0.00 0.13 0.00 17.90 46.10;
$0.00 0.13 0.00 17.90 46.10;
$0.00 0.13 0.00 17.90 46.10;
$0.00 0.13 0.00 17.90 46.10;
$0.00 0.13 0.00 17.90 46.10;
$0.00 0.13 0.00 17.90 46.10;
$0.00 0.13 0.00 17.90 46.10;
$0.00 0.13 0.00 17.90 46.10;
$0.00 0.13 0.00 17.90 46.10;
$0.00 0.13 0.00 17.90 46.10;
$0.00 0.13 0.00 17.90 46.10;
$0.00 0.13 0.00 17.90 46.10;
$0.00 0.13 0.00 17.90 46.10;
$0.00 0.13 0.00 17.90 46.10;
$0.00 0.13 0.00 17.90 46.10;
$0.00 0.13 0.00 17.90 46.10;
$0.00 0.13 0.00 17.90 46.10;
$0.00 0.13 0.00 17.90 46.10;
$0.00 0.13 0.00 17.90 46.10;
$0.00 0.13 0.00 17.90 46.10;
$0.00 0.13 0.00 17.90 46.10;
$0.00 0.13 0.00 17.90 46.10;
$0.00 0.13 0.00 17.90 46.10;
$0.00 0.13 0.00 17.90 46.10;
$0.00 0.13 0.00 17.90 46.10;
$0.00 0.13 0.00 17.90 46.10;
$0.00 0.13 0.00 17.90 46.10;
$0.00 0.13 0.00 17.90 46.10;
$0.00 0.13 0.00 17.90 46.10;
$0.00 0.13 0.00 17.90 46.10;
$0.00 0.13 0.00 17.90 46.10;
$0.00 0.13 0.00 17.90 46.10;
$0.00 0.13 0.00 17.90 46.10;
$0.00 0.13 0.00 17.90 46.10;
$0.00 0.13 0.00 17.90 46.10;
$0.00 0.13 0.00 17.90 46.10;
$0.00 0.13 0.00 17.90 46.10;
$0.00 0.13 0.00 17.90 46.10;
$0.00 0.13 0.00 17.90 46.10;
$0.00 0.13 0.00 17.90 46.10;
$0.00 0.13 0.00 18.00 46.10;
$0.00 0.13 0.00 18.00 46.10;
$0.00 0.13 0.00 18.00 46.10;
$0.00 0.13 0.00 18.00 46.10;
$0.00 0.13 0.00 18.00 46.10;
$0.00 0.13 0.00 18.00 46.10;
$0.00 0.13 0.00 18.00 46.10;
$0.00 0.13 0.00 18.00 46.10;
$0.00 0.13 0.00 18.00 46.10;
$0.00 0.13 0.00 18.00 46.10;
$0.00 0.13 0.00 18.00 46.10;
$0.00 0.13 0.00 18.00 46.10;
$0.00 0.13 0.00 18.00 46.10;
$0.00 0.13 0.00 18.00 46.10;
$0.00 0.13 0.00 18.00 46.10;
$0.00 0.13 0.00 18.00 46.10;
$0.00 0.13 0.00 18.00 46.10;
$0.00 0.13 0.00 18.00 46.10;
$0.00 0.13 0.00 18.00 46.10;
$0.00 0.13 0.00 18.00 46.10;
$0.00 0.13 0.00 18.00 46.10;
$0.00 0.13 0.00 18.00 46.10;
$0.00 0.13 0.00 18.00 46.10;
$0.00 0.13 0.00 18.00 46.10;
$0.00 0.13 0.00 18.00 46.10;
$0.00 0.13 0.00 18.00 46.10;
$0.00 0.13 0.00 18.00 46.10;
$0.00 0.13 0.00 18.00 46.10;
$0.00 0.13 0.00 18.00 46.10;
$0.00 0.13 0.00 18.00 46.10;
$0.00 0.13 0.00 18.00 46.10;
$0.00 0.13 0.00 18.00 46.10;
$0.00 0.13 0.00 18.00 46.10;
$0.00 0.13 0.00 18.00 46.10;
$0.00 0.13 0.00 18.00 46.10;
$0.00 0.13 0.00 18.00 46.10;
$0.00 0.13 0.00 18.00 46.10;
$0.00 0.13 0.00 18.00 46.10;
$0.00 0.13 0.00 18.00 46.10;
$0.00 0.13 0.00 18.00 46.10;
$0.00 0.13 0.00 18.00 46.10;
$0.00 0.14 0.00 18.00 46.10;
$0.00 0.14 0.00 18.00 46.10;
$0.00 0.14 0.00 18.00 46.10;
$0.00 0.14 0.00 18.00 46.10;
$0.00 0.14 0.00 18.00 46.10;
$0.00 0.14 0.00 18.00 46.10;
$0.00 0.14 0.00 18.00 46.10;
$0.00 0.14 0.00 18.00 46.10;
$0.00 0.14 0.00 18.00 46.10;
$0.00 0.14 0.00 18.00 46.10;
$0.00 0.14 0.00 18.00 46.10;
$0.00 0.14 0.00 18.00 46.10;
$0.00 0.14 0.00 18.00 46.10;
$0.00 0.14 0.00 18.00 46.10;
$0.00 0.14 0.00 18.00 46.10;
$0.00 0.14 0.00 18.00 46.10;
$0.00 0.14 0.00 18.00 46.10;
$0.00 0.14 0.00 18.00 46.10;
$0.00 0.14 0.00 18.00 46.10;
$0.00 0.14 0.00 18.00 46.10;
$0.00 0.14 0.00 18.00 46.10;
$0.00 0.14 0.00 18.00 46.10;
$0.00 0.14 0.00 18.00 46.10;
$0.00 0.14 0.00 18.00 46.10;
$0.00 0.14 0.00 18.00 46.10;
$0.00 0.14 0.00 18.00 46.10;
$0.00 0.14 0.00 18.00 46.10;
$0.00 0.14 0.00 18.00 46.10;
$0.00 0.14 0.00 18.00 46.10;
$0.00 0.14 0.00 18.00 46.10;
$0.00 0.14 0.00 18.00 46.10;
$0.00 0.14 0.00 18.10 46.10;
$0.00 0.14 0.00 18.10 46.10;
$0.00 0.14 0.00 18.10 46.10;
$0.00 0.14 0.00 18.10 46.10;
$0.00 0.14 0.00 18.00 46.10;
$0.00 0.14 0.00 18.00 46.10;
$0.00 0.14 0.00 18.00 46.10;
$0.00 0.14 0.00 18.00 46.10;
$0.00 0.14 0.00 18.10 46.10;
$0.00 0.14 0.00 18.10 46.10;
$0.00 0.14 0.00 18.10 46.10;
$0.00 0.14 0.00 18.10 46.10;
$0.00 0.14 0.00 18.10 46.10;
$0.00 0.14 0.00 18.10 46.10;
$0.00 0.14 0.00 18.10 46.10;
$0.00 0.14 0.00 18.10 46.10;
$0.00 0.14 0.00 18.10 46.10;
$0.00 0.14 0.00 18.10 46.10;
$0.00 0.14 0.00 18.10 46.10;
$0.00 0.14 0.00 18.10 46.10;
$0.00 0.14 0.00 18.10 46.10;
$0.00 0.14 0.00 18.10 46.10;
$0.00 0.14 0.00 18.10 46.10;
$0.00 0.14 0.00 18.10 46.10;
$0.00 0.14 0.00 18.10 46.10;
$0.00 0.14 0.00 18.10 46.10;
$0.00 0.14 0.00 18.10 46.10;
$0.00 0.14 0.00 18.10 46.10;
$0.00 0.14 0.00 18.10 46.10;
$0.00 0.14 0.00 18.10 46.10;
$0.00 0.14 0.00 18.10 46.10;
$0.00 0.14 0.00 18.10 46.10;
$0.00 0.14 0.00 18.10 46.10;
$0.00 0.14 0.00 18.10 46.10;
$0.00 0.14 0.00 18.10 46.10;
$0.00 0.14 0.00 18.10 46.10;
$0.00 0.14 0.00 18.10 46.10;
$0.00 0.14 0.00 18.10 46.10;
$0.00 0.14 0.00 18.10 46.00;
$0.00 0.14 0.00 18.10 46.00;
$0.00 0.14 0.00 18.10 46.10;
$0.00 0.14 0.00 18.10 46.10;
$0.00 0.14 0.00 18.10 46.00;
$0.00 0.14 0.00 18.10 46.00;
$0.00 0.14 0.00 18.10 46.00;
$0.00 0.14 0.00 18.10 46.00;
$0.00 0.14 0.00 18.10 46.10;
$0.00 0.14 0.00 18.10 46.10;
$0.00 0.14 0.00 18.10 46.10;
$0.00 0.14 0.00 18.10 46.10;
$0.00 0.14 0.00 18.20 46.10;
$0.00 0.14 0.00 18.20 46.10;
$0.00 0.14 0.00 18.10 46.00;
$0.00 0.14 0.00 18.10 46.00;
$0.00 0.14 0.00 18.10 46.00;
$0.00 0.14 0.00 18.10 46.00;
$0.00 0.14 0.00 18.10 46.00;
$0.00 0.14 0.00 18.10 46.00;
$0.00 0.14 0.00 18.20 46.10;
$0.00 0.14 0.00 18.20 46.10;
$0.00 0.14 0.00 18.20 46.10;
$0.00 0.14 0.00 18.20 46.10;
$0.00 0.14 0.00 18.20 46.10;
$0.00 0.14 0.00 18.20 46.10;
$0.00 0.14 0.00 18.20 46.10;
$0.00 0.14 0.00 18.20 46.10;
$0.00 0.14 0.00 18.10 46.00;
$0.00 0.14 0.00 18.10 46.00;
$0.00 0.14 0.00 18.20 46.10;
$0.00 0.14 0.00 18.20 46.10;
$0.00 0.14 0.00 18.20 46.10;
$0.00 0.14 0.00 18.20 46.10;
$0.00 0.14 0.00 18.20 46.10;
$0.00 0.14 0.00 18.20 46.10;
$0.00 0.14 0.00 18.20 46.10;
$0.00 0.14 0.00 18.20 46.10;
$0.00 0.14 0.00 18.20 46.00;
$0.00 0.14 0.00 18.20 46.00;
$0.00 0.14 0.00 18.20 46.00;
$0.00 0.14 0.00 18.20 46.00;
$0.00 0.14 0.00 18.20 46.00;
$0.00 0.14 0.00 18.20 46.00;
$0.00 0.15 0.00 18.20 46.00;
$0.00 0.15 0.00 18.20 46.00;
$0.00 0.15 0.00 18.20 46.00;
$0.00 0.15 0.00 18.20 46.00;
$0.00 0.15 0.00 18.20 46.00;
$0.00 0.15 0.00 18.20 46.00;
$0.00 0.15 0.00 18.20 46.00;
$0.00 0.15 0.00 18.20 46.00;
$0.00 0.15 0.00 18.20 46.00;
$0.00 0.14 0.00 18.20 46.00;
$0.00 0.14 0.00 18.20 46.00;
$0.00 0.14 0.00 18.20 46.00;
$0.00 0.14 0.00 18.20 46.00;
$0.00 0.14 0.00 18.20 46.00;
$0.00 0.14 0.00 18.20 46.00;
$0.00 0.14 0.00 18.20 46.00;
$0.00 0.14 0.00 18.20 46.00;
$0.00 0.14 0.00 18.20 46.00;
$0.00 0.14 0.00 18.20 45.90;
$0.00 0.14 0.00 18.20 45.90;
$0.00 0.14 0.00 18.20 46.00;
$0.00 0.14 0.00 18.20 46.00;
$0.00 0.14 0.00 18.20 46.00;
$0.00 0.14 0.00 18.20 46.00;
$0.00 0.14 0.00 18.20 46.00;
$0.00 0.14 0.00 18.20 46.00;
$0.00 0.14 0.00 18.20 45.90;
$0.00 0.14 0.00 18.20 45.90;
$0.00 0.14 0.00 18.30 46.00;
$0.00 0.15 0.00 18.30 46.00;
$0.00 0.15 0.00 18.20 45.90;
$0.00 0.15 0.00 18.20 45.90;
$0.00 0.15 0.00 18.20 45.90;
$0.00 0.15 0.00 18.20 45.90;
$0.00 0.15 0.00 18.20 45.90;
$0.00 0.15 0.00 18.20 45.90;
$0.00 0.15 0.00 18.20 45.90;
$0.00 0.15 0.00 18.20 45.90;
$0.00 0.15 0.00 18.30 46.00;
$0.00 0.15 0.00 18.30 46.00;
$0.00 0.15 0.00 18.30 46.00;
$0.00 0.15 0.00 18.30 46.00;
$0.00 0.15 0.00 18.20 45.90;
$0.00 0.15 0.00 18.20 45.90;
$0.00 0.15 0.00 18.30 46.00;
$0.00 0.15 0.00 18.30 46.00;
$0.00 0.15 0.00 18.30 45.90;
$0.00 0.15 0.00 18.30 45.90;
$0.00 0.15 0.00 18.30 45.90;
$0.00 0.15 0.00 18.30 45.90;
$0.00 0.15 0.00 18.30 45.90;
$0.00 0.15 0.00 18.30 45.90;
$0.00 0.15 0.00 18.30 46.00;
$0.00 0.15 0.00 18.30 46.00;
$0.00 0.15 0.00 18.30 45.90;
$0.00 0.15 0.00 18.30 45.90;
$0.00 0.15 0.00 18.30 45.90;
$0.00 0.15 0.00 18.30 45.90;
$0.00 0.15 0.00 18.30 45.90;
$0.00 0.15 0.00 18.30 45.90;
$0.00 0.15 0.00 18.30 45.90;
$0.00 0.15 0.00 18.30 45.90;
$0.00 0.15 0.00 18.30 45.90;
$0.00 0.15 0.00 18.30 45.90;
$0.00 0.15 0.00 18.30 45.90;
$0.00 0.15 0.00 18.30 45.90;
$0.00 0.15 0.00 18.30 45.90;
$0.00 0.15 0.00 18.30 45.90;
$0.00 0.15 0.00 18.30 45.90;
$0.00 0.15 0.00 18.30 45.90;
$0.00 0.15 0.00 18.30 45.90;
$0.00 0.15 0.00 18.30 45.90;
$0.00 0.15 0.00 18.30 45.90;
$0.00 0.15 0.00 18.30 45.90;
$0.00 0.15 0.00 18.30 45.90;
$0.00 0.15 0.00 18.30 45.90;
$0.00 0.15 0.00 18.30 45.90;
$0.00 0.15 0.00 18.30 45.90;
$0.00 0.15 0.00 18.30 45.80;
$0.00 0.15 0.00 18.30 45.80;
$0.00 0.15 0.00 18.30 45.80;
$0.00 0.15 0.00 18.30 45.80;
$0.00 0.15 0.00 18.30 45.80;
$0.00 0.15 0.00 18.30 45.80;
$0.00 0.15 0.00 18.30 45.80;
$0.00 0.15 0.00 18.30 45.80;
$0.00 0.15 0.00 18.30 45.80;
$0.00 0.15 0.00 18.30 45.80;
$0.00 0.15 0.00 18.30 45.80;
$0.00 0.15 0.00 18.30 45.80;
$0.00 0.15 0.00 18.30 45.80;
$0.00 0.15 0.00 18.30 45.80;
$0.00 0.15 0.00 18.30 45.80;
$0.00 0.15 0.00 18.30 45.80;
$0.00 0.15 0.00 18.40 45.90;
$0.00 0.15 0.00 18.40 45.90;
$0.00 0.15 0.00 18.30 45.80;
$0.00 0.15 0.00 18.30 45.80;
$0.00 0.15 0.00 18.40 45.80;
$0.00 0.15 0.00 18.40 45.80;
$0.00 0.15 0.00 18.40 45.80;
$0.00 0.15 0.00 18.40 45.80;
$0.00 0.14 0.00 18.40 45.80;
$0.00 0.14 0.00 18.40 45.80;
$0.00 0.14 0.00 18.40 45.80;
$0.00 0.14 0.00 18.40 45.80;
$0.00 0.14 0.00 18.30 45.80;
$0.00 0.14 0.00 18.30 45.80;
$0.00 0.14 0.00 18.40 45.80;
$0.00 0.14 0.00 18.40 45.80;
$0.00 0.14 0.00 18.40 45.80;
$0.00 0.14 0.00 18.40 45.80;
$0.00 0.14 0.00 18.40 45.80;
$0.00 0.14 0.00 18.40 45.80;
$0.00 0.14 0.00 18.40 45.80;
$0.00 0.14 0.00 18.40 45.80;
$0.00 0.14 0.00 18.40 45.80;
$0.00 0.14 0.00 18.40 45.80;
$0.00 0.14 0.00 18.40 45.80;
$0.00 0.14 0.00 18.40 45.80;
$0.00 0.14 0.00 18.40 45.80;
$0.00 0.14 0.00 18.40 45.80;
$0.00 0.14 0.00 18.40 45.80;
$0.00 0.14 0.00 18.40 45.80;
$0.00 0.14 0.00 18.40 45.80;
$0.00 0.14 0.00 18.40 45.80;
$0.00 0.14 0.00 18.40 45.70;
$0.00 0.14 0.00 18.40 45.70;
$0.00 0.14 0.00 18.40 45.80;
$0.00 0.14 0.00 18.40 45.80;
$0.00 0.15 0.00 18.40 45.70;
$0.00 0.15 0.00 18.40 45.70;
$0.00 0.15 0.00 18.40 45.70;
$0.00 0.15 0.00 18.40 45.70;
$0.00 0.15 0.00 18.40 45.70;
$0.00 0.15 0.00 18.40 45.70;
$0.00 0.15 0.00 18.40 45.70;
$0.00 0.15 0.00 18.40 45.70;
$0.00 0.15 0.00 18.40 45.70;
$0.00 0.15 0.00 18.40 45.70;
$0.00 0.15 0.00 18.40 45.70;
$0.00 0.15 0.00 18.40 45.70;
$0.00 0.15 0.00 18.40 45.70;
$0.00 0.15 0.00 18.40 45.70;
$0.00 0.15 0.00 18.40 45.70;
$0.00 0.15 0.00 18.40 45.70;
$0.00 0.15 0.00 18.40 45.70;
$0.00 0.15 0.00 18.40 45.70;
$0.00 0.15 0.00 18.40 45.70;
$0.00 0.15 0.00 18.40 45.70;
$0.00 0.15 0.00 18.40 45.70;
$0.00 0.15 0.00 18.40 45.70;
$0.00 0.15 0.00 18.50 45.70;
$0.00 0.15 0.00 18.50 45.70;
$0.00 0.15 0.00 18.40 45.70;
$0.00 0.15 0.00 18.40 45.70;
$0.00 0.15 0.00 18.50 45.70;
$0.00 0.15 0.00 18.50 45.70;
$0.00 0.15 0.00 18.50 45.70;
$0.00 0.15 0.00 18.50 45.70;
$0.00 0.15 0.00 18.50 45.70;
$0.00 0.16 0.00 18.50 45.70;
$0.00 0.16 0.00 18.50 45.70;
$0.00 0.16 0.00 18.50 45.70;
$0.00 0.16 0.00 18.50 45.70;
$0.00 0.16 0.00 18.50 45.70;
$0.00 0.16 0.00 18.50 45.60;
$0.00 0.16 0.00 18.50 45.60;
$0.00 0.16 0.00 18.50 45.70;
$0.00 0.16 0.00 18.50 45.70;
$0.00 0.16 0.00 18.50 45.60;
$0.00 0.16 0.00 18.50 45.60;
$0.00 0.16 0.00 18.50 45.60;
$0.00 0.16 0.00 18.50 45.60;
$0.00 0.16 0.00 18.50 45.60;
$0.00 0.16 0.00 18.50 45.60;
$0.00 0.16 0.00 18.50 45.60;
$0.00 0.16 0.00 18.50 45.60;
$0.00 0.16 0.00 18.50 45.60;
$0.00 0.16 0.00 18.50 45.60;
$0.00 0.16 0.00 18.50 45.60;
$0.00 0.16 0.00 18.50 45.60;
$0.00 0.16 0.00 18.50 45.60;
$0.00 0.16 0.00 18.50 45.60;
$0.00 0.16 0.00 18.50 45.60;
$0.00 0.16 0.00 18.50 45.60;
$0.00 0.16 0.00 18.50 45.60;
$0.00 0.16 0.00 18.50 45.60;
$0.00 0.16 0.00 18.50 45.60;
$0.00 0.16 0.00 18.50 45.60;
$0.00 0.15 0.00 18.50 45.60;
$0.00 0.15 0.00 18.50 45.60;
$0.00 0.15 0.00 18.50 45.60;
$0.00 0.15 0.00 18.50 45.60;
$0.00 0.15 0.00 18.50 45.60;
$0.00 0.15 0.00 18.50 45.60;
$0.00 0.15 0.00 18.50 45.60;
$0.00 0.15 0.00 18.50 45.60;
$0.00 0.15 0.00 18.50 45.60;
$0.00 0.15 0.00 18.50 45.60;
$0.00 0.15 0.00 18.50 45.60;
$0.00 0.15 0.00 18.50 45.60;
$0.00 0.15 0.00 18.50 45.50;
$0.00 0.15 0.00 18.50 45.50;
$0.00 0.15 0.00 18.50 45.50;
$0.00 0.15 0.00 18.50 45.50;
$0.00 0.15 0.00 18.50 45.50;
$0.00 0.15 0.00 18.50 45.50;
$0.00 0.15 0.00 18.60 45.60;
$0.00 0.15 0.00 18.60 45.60;
$0.00 0.14 0.00 18.50 45.50;
$0.00 0.14 0.00 18.50 45.50;
$0.00 0.14 0.00 18.50 45.50;
$0.00 0.14 0.00 18.50 45.50;
$0.00 0.14 0.00 18.60 45.50;
$0.00 0.14 0.00 18.60 45.50;
$0.00 0.14 0.00 18.50 45.50;
$0.00 0.14 0.00 18.50 45.50;
$0.00 0.14 0.00 18.50 45.50;
$0.00 0.14 0.00 18.50 45.50;
$0.00 0.14 0.00 18.60 45.50;
$0.00 0.14 0.00 18.60 45.50;
$0.00 0.14 0.00 18.60 45.60;
$0.00 0.14 0.00 18.60 45.60;
$0.00 0.14 0.00 18.60 45.50;
$0.00 0.14 0.00 18.60 45.50;
$0.00 0.14 0.00 18.60 45.50;
$0.00 0.14 0.00 18.60 45.50;
$0.00 0.14 0.00 18.60 45.50;
$0.00 0.13 0.00 18.60 45.50;
$0.00 0.13 0.00 18.60 45.50;
$0.00 0.13 0.00 18.60 45.50;
$0.00 0.13 0.00 18.60 45.50;
$0.00 0.13 0.00 18.60 45.50;
$0.00 0.13 0.00 18.60 45.50;
$0.00 0.13 0.00 18.60 45.50;
$0.00 0.13 0.00 18.60 45.50;
$0.00 0.13 0.00 18.60 45.50;
$0.00 0.13 0.00 18.60 45.50;
$0.00 0.13 0.00 18.60 45.50;
$0.00 0.13 0.00 18.60 45.50;
$0.00 0.13 0.00 18.60 45.50;
$0.00 0.13 0.00 18.60 45.40;
$0.00 0.13 0.00 18.60 45.40;
$0.00 0.13 0.00 18.60 45.50;
$0.00 0.13 0.00 18.60 45.50;
$0.00 0.13 0.00 18.60 45.40;
$0.00 0.13 0.00 18.60 45.40;
$0.00 0.13 0.00 18.60 45.40;
$0.00 0.13 0.00 18.60 45.40;
$0.00 0.13 0.00 18.60 45.40;
$0.00 0.13 0.00 18.60 45.40;
$0.00 0.13 0.00 18.60 45.40;
$0.00 0.13 0.00 18.60 45.40;
$0.00 0.13 0.00 18.60 45.40;
$0.00 0.13 0.00 18.60 45.40;
$0.00 0.13 0.00 18.60 45.40;
$0.00 0.13 0.00 18.60 45.40;
$0.00 0.13 0.00 18.60 45.40;
$0.00 0.13 0.00 18.60 45.40;
$0.00 0.13 0.00 18.60 45.40;
$0.00 0.13 0.00 18.60 45.40;
$0.00 0.13 0.00 18.60 45.40;
$0.00 0.13 0.00 18.60 45.40;
$0.00 0.13 0.00 18.60 45.40;
$0.00 0.13 0.00 18.60 45.40;
$0.00 0.13 0.00 18.70 45.40;
$0.00 0.13 0.00 18.70 45.40;
$0.00 0.13 0.00 18.70 45.40;
$0.00 0.13 0.00 18.70 45.40;
$0.00 0.13 0.00 18.60 45.40;
$0.00 0.13 0.00 18.60 45.40;
$0.00 0.13 0.00 18.70 45.40;
$0.00 0.14 0.00 18.70 45.40;
$0.00 0.14 0.00 18.60 45.40;
$0.00 0.14 0.00 18.60 45.40;
$0.00 0.14 0.00 18.60 45.40;
$0.00 0.14 0.00 18.60 45.40;
$0.00 0.14 0.00 18.70 45.40;
$0.00 0.14 0.00 18.70 45.40;
$0.00 0.14 0.00 18.60 45.40;
$0.00 0.15 0.00 18.60 45.40;
$0.00 0.15 0.00 18.70 45.40;
$0.00 0.15 0.00 18.70 45.40;
$0.00 0.15 0.00 18.70 45.40;
$0.00 0.15 0.00 18.70 45.40;
$0.00 0.15 0.00 18.70 45.40;
$0.00 0.15 0.00 18.70 45.40;
$0.00 0.15 0.00 18.70 45.40;
$0.00 0.16 0.00 18.70 45.40;
$0.00 0.16 0.00 18.70 45.40;
$0.00 0.16 0.00 18.70 45.40;
$0.00 0.16 0.00 18.70 45.40;
$0.00 0.16 0.00 18.70 45.40;
$0.00 0.16 0.00 18.70 45.40;
$0.00 0.16 0.00 18.70 45.40;
$0.00 0.16 0.00 18.70 45.40;
$0.00 0.16 0.00 18.70 45.40;
$0.00 0.17 0.00 18.70 45.40;
$0.00 0.17 0.00 18.70 45.40;
$0.00 0.17 0.00 18.70 45.40;
$0.00 0.17 0.00 18.70 45.40;
$0.00 0.17 0.00 18.70 45.40;
$0.00 0.17 0.00 18.70 45.40;
$0.00 0.17 0.00 18.70 45.40;
$0.00 0.17 0.00 18.70 45.40;
$0.00 0.17 0.00 18.70 45.40;
$0.00 0.18 0.00 18.70 45.40;
$0.00 0.18 0.00 18.70 45.40;
$0.00 0.18 0.00 18.70 45.40;
$0.00 0.18 0.00 18.70 45.40;
$0.00 0.18 0.00 18.70 45.40;
$0.00 0.18 0.00 18.70 45.40;
$0.00 0.18 0.00 18.70 45.40;
$0.00 0.18 0.00 18.70 45.40;
$0.00 0.19 0.00 18.70 45.40;
$0.00 0.19 0.00 18.70 45.40;
$0.00 0.19 0.00 18.70 45.40;
$0.00 0.19 0.00 18.70 45.40;
$0.00 0.19 0.00 18.70 45.40;
$0.00 0.19 0.00 18.70 45.40;
$0.00 0.19 0.00 18.70 45.40;
$0.00 0.19 0.00 18.70 45.40;
$0.00 0.20 0.00 18.70 45.40;
$0.00 0.20 0.00 18.70 45.40;
$0.00 0.20 0.00 18.70 45.40;
$0.00 0.20 0.00 18.70 45.40;
$0.00 0.20 0.00 18.70 45.40;
$0.00 0.20 0.00 18.70 45.40;
