$0.00 0.21 0.00 18.70 45.40;
$0.00 0.21 0.00 18.70 45.40;
$0.00 0.21 0.00 18.70 45.40;
$0.00 0.21 0.00 18.70 45.40;
$0.00 0.22 0.00 18.70 45.40;
$0.00 0.22 0.00 18.70 45.40;
$0.00 0.22 0.00 18.80 45.40;
$0.00 0.22 0.00 18.80 45.40;
$0.00 0.22 0.00 18.70 45.40;
$0.00 0.22 0.00 18.70 45.40;
$0.00 0.22 0.00 18.70 45.40;
$0.00 0.23 0.00 18.70 45.40;
$0.00 0.23 0.00 18.70 45.40;
$0.00 0.23 0.00 18.70 45.40;
$0.00 0.23 0.00 18.70 45.40;
$0.00 0.23 0.00 18.70 45.40;
$0.00 0.23 0.00 18.70 45.40;
$0.00 0.24 0.00 18.70 45.40;
$0.00 0.24 0.00 18.70 45.40;
$0.00 0.24 0.00 18.70 45.40;
$0.00 0.24 0.00 18.70 45.40;
$0.00 0.24 0.00 18.70 45.40;
$0.00 0.24 0.00 18.70 45.40;
$0.00 0.25 0.00 18.70 45.40;
$0.00 0.25 0.00 18.80 45.50;
$0.00 0.25 0.00 18.80 45.50;
$0.00 0.25 0.00 18.80 45.50;
$0.00 0.25 0.00 18.80 45.50;
$0.00 0.25 0.00 18.80 45.40;
$0.00 0.26 0.00 18.80 45.40;
$0.00 0.26 0.00 18.80 45.50;
$0.00 0.26 0.00 18.80 45.50;
$0.00 0.26 0.00 18.80 45.50;
$0.00 0.26 0.00 18.80 45.50;
$0.00 0.26 0.00 18.80 45.40;
$0.00 0.26 0.00 18.80 45.40;
$0.00 0.27 0.00 18.80 45.50;
$0.00 0.27 0.00 18.80 45.50;
$0.00 0.27 0.00 18.80 45.40;
$0.00 0.27 0.00 18.80 45.40;
$0.00 0.27 0.00 18.80 45.50;
$0.00 0.27 0.00 18.80 45.50;
$0.00 0.28 0.00 18.80 45.50;
$0.00 0.28 0.00 18.80 45.50;
$0.00 0.28 0.00 18.80 45.40;
$0.00 0.28 0.00 18.80 45.40;
$0.00 0.28 0.00 18.80 45.40;
$0.00 0.28 0.00 18.80 45.40;
$0.00 0.28 0.00 18.80 45.50;
$0.00 0.29 0.00 18.80 45.50;
$0.00 0.29 0.00 18.80 45.40;
$0.00 0.29 0.00 18.80 45.40;
$0.00 0.29 0.00 18.80 45.50;
$0.00 0.29 0.00 18.80 45.50;
$0.00 0.29 0.00 18.80 45.50;
$0.00 0.29 0.00 18.80 45.50;
$0.00 0.29 0.00 18.80 45.50;
$0.00 0.30 0.00 18.80 45.50;
$0.00 0.30 0.00 18.80 45.50;
$0.00 0.30 0.00 18.80 45.50;
$0.00 0.30 0.00 18.80 45.50;
$0.00 0.30 0.00 18.80 45.50;
$0.00 0.30 0.00 18.80 45.50;
$0.00 0.30 0.00 18.80 45.50;
$0.00 0.31 0.00 18.80 45.50;
$0.00 0.31 0.00 18.80 45.50;
$0.00 0.31 0.00 18.80 45.50;
$0.00 0.31 0.00 18.80 45.50;
$0.00 0.31 0.00 18.80 45.50;
$0.00 0.31 0.00 18.80 45.50;
$0.00 0.31 0.00 18.80 45.50;
$0.00 0.32 0.00 18.80 45.50;
$0.00 0.32 0.00 18.80 45.50;
$0.00 0.32 0.00 18.80 45.50;
$0.00 0.32 0.00 18.80 45.50;
$0.00 0.32 0.00 18.80 45.50;
$0.00 0.32 0.00 18.80 45.50;
$0.00 0.32 0.00 18.80 45.50;
$0.00 0.33 0.00 18.80 45.50;
$0.00 0.33 0.00 18.80 45.50;
$0.00 0.33 0.00 18.80 45.50;
$0.00 0.33 0.00 18.80 45.50;
$0.00 0.33 0.00 18.80 45.50;
$0.00 0.33 0.00 18.80 45.50;
$0.00 0.33 0.00 18.90 45.60;
$0.00 0.34 0.00 18.90 45.60;
$0.00 0.34 0.00 18.80 45.50;
$0.00 0.34 0.00 18.80 45.50;
$0.00 0.34 0.00 18.80 45.50;
$0.00 0.34 0.00 18.80 45.50;
$0.00 0.34 0.00 18.80 45.50;
$0.00 0.34 0.00 18.80 45.50;
$0.00 0.35 0.00 18.80 45.50;
$0.00 0.35 0.00 18.80 45.50;
$0.00 0.35 0.00 18.80 45.50;
$0.00 0.35 0.00 18.80 45.50;
$0.00 0.35 0.00 18.80 45.50;
$0.00 0.35 0.00 18.80 45.50;
$0.00 0.35 0.00 18.80 45.50;
$0.00 0.35 0.00 18.80 45.50;
$0.00 0.36 0.00 18.90 45.60;
$0.00 0.36 0.00 18.90 45.60;
$0.00 0.36 0.00 18.90 45.60;
$0.00 0.36 0.00 18.90 45.60;
$0.00 0.36 0.00 18.90 45.60;
$0.00 0.36 0.00 18.90 45.60;
$0.00 0.36 0.00 18.90 45.60;
$0.00 0.37 0.00 18.90 45.60;
$0.00 0.37 0.00 18.90 45.60;
$0.00 0.37 0.00 18.90 45.60;
$0.00 0.37 0.00 18.90 45.60;
$0.00 0.37 0.00 18.90 45.60;
$0.00 0.37 0.00 18.90 45.60;
$0.00 0.37 0.00 18.90 45.60;
$0.00 0.38 0.00 18.90 45.60;
$0.00 0.38 0.00 18.90 45.60;
$0.00 0.38 0.00 18.90 45.60;
$0.00 0.38 0.00 18.90 45.60;
$0.00 0.38 0.00 18.90 45.60;
$0.00 0.38 0.00 18.90 45.60;
$0.00 0.38 0.00 18.90 45.60;
$0.00 0.38 0.00 18.90 45.60;
$0.00 0.39 0.00 18.90 45.60;
$0.00 0.39 0.00 18.90 45.60;
$0.00 0.39 0.00 18.90 45.60;
$0.00 0.39 0.00 18.90 45.60;
$0.00 0.39 0.00 18.90 45.60;
$0.00 0.39 0.00 18.90 45.60;
$0.00 0.39 0.00 18.90 45.60;
$0.00 0.40 0.00 18.90 45.60;
$0.00 0.40 0.00 18.90 45.60;
$0.00 0.40 0.00 18.90 45.60;
$0.00 0.40 0.00 18.90 45.60;
$0.00 0.40 0.00 18.90 45.60;
$0.00 0.40 0.00 18.90 45.60;
$0.00 0.40 0.00 18.90 45.60;
$0.00 0.40 0.00 18.90 45.60;
$0.00 0.41 0.00 18.90 45.60;
$0.00 0.41 0.00 18.90 45.60;
$0.00 0.41 0.00 18.90 45.60;
$0.00 0.41 0.00 18.90 45.70;
$0.00 0.41 0.00 18.90 45.70;
$0.00 0.41 0.00 18.90 45.60;
$0.00 0.41 0.00 18.90 45.60;
$0.00 0.41 0.00 18.90 45.60;
$0.00 0.42 0.00 18.90 45.60;
$0.00 0.42 0.00 18.90 45.70;
$0.00 0.42 0.00 18.90 45.70;
$0.00 0.42 0.00 18.90 45.70;
$0.00 0.42 0.00 18.90 45.70;
$0.00 0.42 0.00 18.90 45.70;
$0.00 0.42 0.00 18.90 45.70;
$0.00 0.42 0.00 18.90 45.70;
$0.00 0.43 0.00 18.90 45.70;
$0.00 0.43 0.00 18.90 45.70;
$0.00 0.43 0.00 18.90 45.70;
$0.00 0.43 0.00 18.90 45.70;
$0.00 0.43 0.00 18.90 45.70;
$0.00 0.43 0.00 18.90 45.70;
$0.00 0.43 0.00 18.90 45.70;
$0.00 0.43 0.00 19.00 45.70;
$0.00 0.44 0.00 19.00 45.70;
$0.00 0.44 0.00 19.00 45.70;
$0.00 0.44 0.00 19.00 45.70;
$0.00 0.44 0.00 19.00 45.70;
$0.00 0.44 0.00 19.00 45.70;
$0.00 0.44 0.00 19.00 45.70;
$0.00 0.44 0.00 19.00 45.70;
$0.00 0.44 0.00 19.00 45.80;
$0.00 0.44 0.00 19.00 45.80;
$0.00 0.44 0.00 18.90 45.70;
$0.00 0.45 0.00 18.90 45.70;
$0.00 0.45 0.00 19.00 45.70;
$0.00 0.45 0.00 19.00 45.70;
$0.00 0.45 0.00 19.00 45.70;
$0.00 0.45 0.00 19.00 45.70;
$0.00 0.45 0.00 19.00 45.70;
$0.00 0.45 0.00 19.00 45.70;
$0.00 0.45 0.00 19.00 45.70;
$0.00 0.46 0.00 19.00 45.70;
$0.00 0.46 0.00 19.00 45.70;
$0.00 0.46 0.00 19.00 45.70;
$0.00 0.46 0.00 19.00 45.70;
$0.00 0.46 0.00 19.00 45.70;
$0.00 0.46 0.00 19.00 45.70;
$0.00 0.46 0.00 19.00 45.70;
$0.00 0.46 0.00 19.00 45.70;
$0.00 0.47 0.00 19.00 45.70;
$0.00 0.47 0.00 19.00 45.70;
$0.00 0.47 0.00 19.00 45.70;
$0.00 0.47 0.00 19.00 45.70;
$0.00 0.47 0.00 19.00 45.70;
$0.00 0.47 0.00 19.00 45.80;
$0.00 0.47 0.00 19.00 45.80;
$0.00 0.47 0.00 19.00 45.70;
$0.00 0.47 0.00 19.00 45.70;
$0.00 0.48 0.00 19.00 45.70;
$0.00 0.48 0.00 19.00 45.70;
$0.00 0.48 0.00 19.00 45.80;
$0.00 0.48 0.00 19.00 45.80;
$0.00 0.48 0.00 19.00 45.80;
$0.00 0.48 0.00 19.00 45.80;
$0.00 0.48 0.00 19.00 45.80;
$0.00 0.48 0.00 19.00 45.80;
$0.00 0.49 0.00 19.00 45.80;
$0.00 0.49 0.00 19.00 45.80;
$0.00 0.49 0.00 19.00 45.80;
$0.00 0.49 0.00 19.00 45.80;
$0.00 0.49 0.00 19.00 45.80;
$0.00 0.49 0.00 19.00 45.80;
$0.00 0.49 0.00 19.10 45.80;
$0.00 0.49 0.00 19.10 45.80;
$0.00 0.49 0.00 19.00 45.80;
$0.00 0.50 0.00 19.00 45.80;
$0.00 0.50 0.00 19.10 45.80;
$0.00 0.50 0.00 19.10 45.80;
$0.00 0.50 0.00 19.10 45.80;
$0.00 0.50 0.00 19.10 45.80;
$0.00 0.50 0.00 19.00 45.70;
$0.00 0.50 0.00 19.00 45.70;
$0.00 0.50 0.00 19.00 45.80;
$0.00 0.50 0.00 19.00 45.80;
$0.00 0.51 0.00 19.10 45.80;
$0.00 0.51 0.00 19.10 45.80;
$0.00 0.51 0.00 19.10 45.80;
$0.00 0.51 0.00 19.10 45.80;
$0.00 0.51 0.00 19.10 45.80;
$0.00 0.51 0.00 19.10 45.80;
$0.00 0.51 0.00 19.10 45.80;
$0.00 0.52 0.00 19.10 45.80;
$0.00 0.52 0.00 19.10 45.80;
$0.00 0.52 0.00 19.10 45.80;
$0.00 0.52 0.00 19.10 45.80;
$0.00 0.52 0.00 19.10 45.80;
$0.00 0.52 0.00 19.10 45.80;
$0.00 0.52 0.00 19.10 45.80;
$0.00 0.53 0.00 19.10 45.80;
$0.00 0.53 0.00 19.10 45.80;
$0.00 0.53 0.00 19.10 45.80;
$0.00 0.53 0.00 19.10 45.80;
$0.00 0.53 0.00 19.10 45.80;
$0.00 0.53 0.00 19.10 45.80;
$0.00 0.53 0.00 19.10 45.80;
$0.00 0.54 0.00 19.10 45.80;
$0.00 0.54 0.00 19.10 45.80;
$0.00 0.54 0.00 19.10 45.80;
$0.00 0.54 0.00 19.10 45.70;
$0.00 0.54 0.00 19.10 45.70;
$0.00 0.54 0.00 19.10 45.80;
$0.00 0.54 0.00 19.10 45.80;
$0.00 0.55 0.00 19.10 45.70;
$0.00 0.55 0.00 19.10 45.70;
$0.00 0.55 0.00 19.10 45.70;
$0.00 0.55 0.00 19.10 45.70;
$0.00 0.55 0.00 19.10 45.70;
$0.00 0.55 0.00 19.10 45.70;
$0.00 0.55 0.00 19.10 45.70;
$0.00 0.55 0.00 19.10 45.70;
$0.00 0.56 0.00 19.10 45.70;
$0.00 0.56 0.00 19.10 45.70;
$0.00 0.56 0.00 19.10 45.70;
$0.00 0.56 0.00 19.10 45.70;
$0.00 0.56 0.00 19.10 45.70;
$0.00 0.56 0.00 19.10 45.70;
$0.00 0.56 0.00 19.10 45.70;
$0.00 0.56 0.00 19.10 45.70;
$0.00 0.57 0.00 19.10 45.70;
$0.00 0.57 0.00 19.10 45.70;
$0.00 0.57 0.00 19.10 45.70;
$0.00 0.57 0.00 19.10 45.70;
$0.00 0.57 0.00 19.10 45.70;
$0.00 0.57 0.00 19.10 45.70;
$0.00 0.57 0.00 19.10 45.70;
$0.00 0.58 0.00 19.10 45.70;
$0.00 0.58 0.00 19.10 45.70;
$0.00 0.58 0.00 19.10 45.70;
$0.00 0.58 0.00 19.20 45.80;
$0.00 0.58 0.00 19.20 45.80;
$0.00 0.58 0.00 19.20 45.70;
$0.00 0.58 0.00 19.20 45.70;
$0.00 0.58 0.00 19.10 45.70;
$0.00 0.58 0.00 19.10 45.70;
$0.00 0.59 0.00 19.20 45.70;
$0.00 0.59 0.00 19.20 45.70;
$0.00 0.59 0.00 19.20 45.70;
$0.00 0.59 0.00 19.20 45.70;
$0.00 0.59 0.00 19.20 45.70;
$0.00 0.59 0.00 19.20 45.70;
$0.00 0.59 0.00 19.10 45.70;
$0.00 0.60 0.00 19.10 45.70;
$0.00 0.60 0.00 19.20 45.70;
$0.00 0.60 0.00 19.20 45.70;
$0.00 0.60 0.00 19.20 45.70;
$0.00 0.60 0.00 19.20 45.70;
$0.00 0.60 0.00 19.20 45.70;
$0.00 0.60 0.00 19.20 45.70;
$0.00 0.60 0.00 19.20 45.70;
$0.00 0.61 0.00 19.20 45.70;
$0.00 0.61 0.00 19.20 45.70;
$0.00 0.61 0.00 19.20 45.70;
$0.00 0.61 0.00 19.20 45.70;
$0.00 0.61 0.00 19.20 45.70;
$0.00 0.61 0.00 19.20 45.70;
$0.00 0.61 0.00 19.20 45.70;
$0.00 0.61 0.00 19.20 45.70;
$0.00 0.62 0.00 19.20 45.70;
$0.00 0.62 0.00 19.20 45.70;
$0.00 0.62 0.00 19.20 45.70;
$0.00 0.62 0.00 19.20 45.70;
$0.00 0.62 0.00 19.20 45.70;
$0.00 0.62 0.00 19.20 45.70;
$0.00 0.62 0.00 19.20 45.70;
$0.00 0.62 0.00 19.20 45.70;
$0.00 0.63 0.00 19.20 45.70;
$0.00 0.63 0.00 19.20 45.70;
$0.00 0.63 0.00 19.20 45.70;
$0.00 0.63 0.00 19.20 45.70;
$0.00 0.63 0.00 19.20 45.70;
$0.00 0.63 0.00 19.20 45.70;
$0.00 0.63 0.00 19.20 45.70;
$0.00 0.63 0.00 19.20 45.70;
$0.00 0.64 0.00 19.20 45.70;
$0.00 0.64 0.00 19.20 45.70;
$0.00 0.64 0.00 19.20 45.70;
$0.00 0.64 0.00 19.30 45.70;
$0.00 0.64 0.00 19.30 45.70;
$0.00 0.64 0.00 19.20 45.70;
$0.00 0.64 0.00 19.20 45.70;
$0.00 0.64 0.00 19.20 45.70;
$0.00 0.65 0.00 19.20 45.70;
$0.00 0.65 0.00 19.20 45.70;
$0.00 0.65 0.00 19.20 45.70;
$0.00 0.65 0.00 19.30 45.70;
$0.00 0.65 0.00 19.30 45.70;
$0.00 0.65 0.00 19.20 45.70;
$0.00 0.65 0.00 19.20 45.70;
$0.00 0.65 0.00 19.20 45.60;
$0.00 0.66 0.00 19.20 45.60;
$0.00 0.66 0.00 19.20 45.70;
$0.00 0.66 0.00 19.20 45.70;
$0.00 0.66 0.00 19.20 45.70;
$0.00 0.66 0.00 19.20 45.70;
$0.00 0.66 0.00 19.30 45.70;
$0.00 0.66 0.00 19.30 45.70;
$0.00 0.66 0.00 19.20 45.60;
$0.00 0.67 0.00 19.20 45.60;
$0.00 0.67 0.00 19.20 45.60;
$0.00 0.67 0.00 19.20 45.60;
$0.00 0.67 0.00 19.20 45.60;
$0.00 0.67 0.00 19.20 45.60;
$0.00 0.67 0.00 19.30 45.70;
$0.00 0.67 0.00 19.30 45.70;
$0.00 0.67 0.00 19.30 45.70;
$0.00 0.68 0.00 19.30 45.70;
$0.00 0.68 0.00 19.20 45.60;
$0.00 0.68 0.00 19.20 45.60;
$0.00 0.68 0.00 19.30 45.70;
$0.00 0.68 0.00 19.30 45.70;
$0.00 0.68 0.00 19.30 45.60;
$0.00 0.68 0.00 19.30 45.60;
$0.00 0.69 0.00 19.30 45.60;
$0.00 0.69 0.00 19.30 45.60;
$0.00 0.69 0.00 19.30 45.60;
$0.00 0.69 0.00 19.30 45.60;
$0.00 0.69 0.00 19.30 45.60;
$0.00 0.69 0.00 19.30 45.60;
$0.00 0.69 0.00 19.30 45.60;
$0.00 0.69 0.00 19.30 45.60;
$0.00 0.70 0.00 19.30 45.60;
$0.00 0.70 0.00 19.30 45.60;
$0.00 0.70 0.00 19.30 45.60;
$0.00 0.70 0.00 19.30 45.60;
$0.00 0.70 0.00 19.30 45.60;
$0.00 0.70 0.00 19.30 45.60;
$0.00 0.70 0.00 19.30 45.60;
$0.00 0.70 0.00 19.30 45.60;
$0.00 0.71 0.00 19.30 45.60;
$0.00 0.71 0.00 19.30 45.60;
$0.00 0.71 0.00 19.30 45.60;
$0.00 0.71 0.00 19.30 45.60;
$0.00 0.71 0.00 19.30 45.60;
$0.00 0.71 0.00 19.30 45.60;
$0.00 0.71 0.00 19.30 45.60;
$0.00 0.71 0.00 19.30 45.60;
$0.00 0.71 0.00 19.30 45.60;
$0.00 0.72 0.00 19.30 45.60;
$0.00 0.72 0.00 19.30 45.60;
$0.00 0.72 0.00 19.30 45.60;
$0.00 0.72 0.00 19.30 45.60;
$0.00 0.72 0.00 19.30 45.60;
$0.00 0.72 0.00 19.30 45.60;
$0.00 0.72 0.00 19.30 45.60;
$0.00 0.72 0.00 19.30 45.60;
$0.00 0.72 0.00 19.30 45.60;
$0.00 0.73 0.00 19.30 45.60;
$0.00 0.73 0.00 19.30 45.60;
$0.00 0.73 0.00 19.30 45.60;
$0.00 0.73 0.00 19.30 45.60;
$0.00 0.73 0.00 19.40 45.60;
$0.00 0.73 0.00 19.40 45.60;
$0.00 0.73 0.00 19.30 45.60;
$0.00 0.73 0.00 19.30 45.60;
$0.00 0.73 0.00 19.40 45.60;
$0.00 0.74 0.00 19.40 45.60;
$0.00 0.74 0.00 19.40 45.60;
$0.00 0.74 0.00 19.40 45.60;
$0.00 0.74 0.00 19.40 45.60;
$0.00 0.74 0.00 19.40 45.60;
$0.00 0.74 0.00 19.40 45.60;
$0.00 0.74 0.00 19.40 45.60;
$0.00 0.74 0.00 19.40 45.60;
$0.00 0.74 0.00 19.40 45.60;
$0.00 0.75 0.00 19.40 45.60;
$0.00 0.75 0.00 19.40 45.60;
$0.00 0.75 0.00 19.40 45.60;
$0.00 0.75 0.00 19.40 45.60;
$0.00 0.75 0.00 19.40 45.60;
$0.00 0.75 0.00 19.40 45.60;
$0.00 0.75 0.00 19.40 45.60;
$0.00 0.75 0.00 19.40 45.60;
$0.00 0.76 0.00 19.40 45.60;
$0.00 0.76 0.00 19.40 45.60;
$0.00 0.76 0.00 19.40 45.60;
$0.00 0.76 0.00 19.40 45.60;
$0.00 0.76 0.00 19.40 45.60;
$0.00 0.76 0.00 19.40 45.60;
$0.00 0.76 0.00 19.40 45.60;
$0.00 0.76 0.00 19.40 45.60;
$0.00 0.76 0.00 19.40 45.60;
$0.00 0.77 0.00 19.40 45.60;
$0.00 0.77 0.00 19.40 45.60;
$0.00 0.77 0.00 19.40 45.60;
$0.00 0.77 0.00 19.40 45.50;
$0.00 0.77 0.00 19.40 45.50;
$0.00 0.77 0.00 19.40 45.50;
$0.00 0.77 0.00 19.40 45.50;
$0.00 0.77 0.00 19.40 45.50;
$0.00 0.77 0.00 19.40 45.50;
$0.00 0.78 0.00 19.40 45.50;
$0.00 0.78 0.00 19.40 45.50;
$0.00 0.78 0.00 19.40 45.50;
$0.00 0.78 0.00 19.40 45.50;
$0.00 0.78 0.00 19.40 45.50;
$0.00 0.78 0.00 19.40 45.50;
$0.00 0.78 0.00 19.40 45.50;
$0.00 0.78 0.00 19.40 45.50;
$0.00 0.78 0.00 19.40 45.50;
$0.00 0.79 0.00 19.40 45.50;
$0.00 0.79 0.00 19.40 45.50;
$0.00 0.79 0.00 19.40 45.50;
$0.00 0.79 0.00 19.40 45.50;
$0.00 0.79 0.00 19.40 45.50;
$0.00 0.79 0.00 19.40 45.50;
$0.00 0.79 0.00 19.40 45.50;
$0.00 0.79 0.00 19.40 45.50;
$0.00 0.80 0.00 19.40 45.50;
$0.00 0.80 0.00 19.40 45.50;
$0.00 0.80 0.00 19.40 45.50;
$0.00 0.80 0.00 19.40 45.50;
$0.00 0.80 0.00 19.40 45.50;
$0.00 0.80 0.00 19.40 45.50;
$0.00 0.80 0.00 19.40 45.50;
$0.00 0.80 0.00 19.50 45.50;
$0.00 0.80 0.00 19.50 45.50;
$0.00 0.81 0.00 19.40 45.50;
$0.00 0.81 0.00 19.40 45.50;
$0.00 0.81 0.00 19.50 45.50;
$0.00 0.81 0.00 19.50 45.50;
$0.00 0.81 0.00 19.50 45.50;
$0.00 0.81 0.00 19.50 45.50;
$0.00 0.81 0.00 19.50 45.50;
$0.00 0.81 0.00 19.50 45.50;
$0.00 0.82 0.00 19.50 45.50;
$0.00 0.82 0.00 19.50 45.50;
$0.00 0.82 0.00 19.40 45.50;
$0.00 0.82 0.00 19.40 45.50;
$0.00 0.82 0.00 19.50 45.50;
$0.00 0.82 0.00 19.50 45.50;
$0.00 0.82 0.00 19.50 45.50;
$0.00 0.82 0.00 19.50 45.50;
$0.00 0.83 0.00 19.50 45.50;
$0.00 0.83 0.00 19.50 45.50;
$0.00 0.83 0.00 19.50 45.50;
$0.00 0.83 0.00 19.50 45.50;
$0.00 0.83 0.00 19.50 45.50;
$0.00 0.83 0.00 19.50 45.50;
$0.00 0.83 0.00 19.50 45.50;
$0.00 0.83 0.00 19.50 45.50;
$0.00 0.83 0.00 19.50 45.50;
$0.00 0.84 0.00 19.50 45.50;
$0.00 0.84 0.00 19.50 45.50;
$0.00 0.84 0.00 19.50 45.50;
$0.00 0.84 0.00 19.50 45.50;
$0.00 0.84 0.00 19.50 45.50;
$0.00 0.84 0.00 19.50 45.50;
$0.00 0.84 0.00 19.50 45.50;
$0.00 0.84 0.00 19.50 45.50;
$0.00 0.85 0.00 19.50 45.50;
$0.00 0.85 0.00 19.50 45.50;
$0.00 0.85 0.00 19.50 45.50;
$0.00 0.85 0.00 19.50 45.50;
$0.00 0.85 0.00 19.50 45.50;
$0.00 0.85 0.00 19.50 45.50;
$0.00 0.85 0.00 19.50 45.50;
$0.00 0.85 0.00 19.50 45.50;
$0.00 0.85 0.00 19.50 45.50;
$0.00 0.86 0.00 19.50 45.50;
$0.00 0.86 0.00 19.50 45.50;
$0.00 0.86 0.00 19.50 45.50;
$0.00 0.86 0.00 19.50 45.50;
$0.00 0.86 0.00 19.50 45.50;
$0.00 0.86 0.00 19.50 45.50;
$0.00 0.86 0.00 19.50 45.50;
$0.00 0.86 0.00 19.50 45.50;
$0.00 0.86 0.00 19.50 45.40;
$0.00 0.87 0.00 19.50 45.40;
$0.00 0.87 0.00 19.50 45.50;
$0.00 0.87 0.00 19.50 45.50;
$0.00 0.87 0.00 19.60 45.50;
$0.00 0.87 0.00 19.60 45.50;
$0.00 0.87 0.00 19.60 45.50;
$0.00 0.87 0.00 19.60 45.50;
$0.00 0.87 0.00 19.50 45.50;
$0.00 0.88 0.00 19.50 45.50;
$0.00 0.88 0.00 19.60 45.50;
$0.00 0.88 0.00 19.60 45.50;
$0.00 0.88 0.00 19.50 45.50;
$0.00 0.88 0.00 19.50 45.50;
$0.00 0.88 0.00 19.60 45.50;
$0.00 0.88 0.00 19.60 45.50;
$0.00 0.88 0.00 19.60 45.50;
$0.00 0.88 0.00 19.60 45.50;
$0.00 0.89 0.00 19.60 45.50;
$0.00 0.89 0.00 19.60 45.50;
$0.00 0.89 0.00 19.60 45.50;
$0.00 0.89 0.00 19.60 45.50;
$0.00 0.89 0.00 19.60 45.50;
$0.00 0.89 0.00 19.60 45.50;
$0.00 0.89 0.00 19.60 45.50;
$0.00 0.89 0.00 19.60 45.50;
$0.00 0.89 0.00 19.60 45.50;
$0.00 0.90 0.00 19.60 45.50;
$0.00 0.90 0.00 19.60 45.50;
$0.00 0.90 0.00 19.60 45.50;
$0.00 0.90 0.00 19.60 45.50;
$0.00 0.90 0.00 19.60 45.50;
$0.00 0.90 0.00 19.60 45.50;
$0.00 0.90 0.00 19.60 45.50;
$0.00 0.90 0.00 19.60 45.50;
$0.00 0.91 0.00 19.60 45.50;
$0.00 0.91 0.00 19.60 45.50;
$0.00 0.91 0.00 19.60 45.50;
$0.00 0.91 0.00 19.60 45.40;
$0.00 0.91 0.00 19.60 45.40;
$0.00 0.91 0.00 19.60 45.50;
$0.00 0.91 0.00 19.60 45.50;
$0.00 0.91 0.00 19.60 45.50;
$0.00 0.91 0.00 19.60 45.50;
$0.00 0.92 0.00 19.60 45.50;
$0.00 0.92 0.00 19.60 45.50;
$0.00 0.92 0.00 19.60 45.50;
$0.00 0.92 0.00 19.60 45.50;
$0.00 0.92 0.00 19.60 45.50;
$0.00 0.92 0.00 19.60 45.50;
$0.00 0.92 0.00 19.60 45.40;
$0.00 0.92 0.00 19.60 45.40;
$0.00 0.92 0.00 19.60 45.40;
$0.00 0.93 0.00 19.60 45.40;
$0.00 0.93 0.00 19.60 45.40;
$0.00 0.93 0.00 19.60 45.40;
$0.00 0.93 0.00 19.60 45.40;
$0.00 0.93 0.00 19.60 45.40;
$0.00 0.93 0.00 19.60 45.40;
$0.00 0.93 0.00 19.60 45.40;
$0.00 0.93 0.00 19.70 45.50;
$0.00 0.93 0.00 19.70 45.50;
$0.00 0.94 0.00 19.60 45.40;
$0.00 0.94 0.00 19.60 45.40;
$0.00 0.94 0.00 19.70 45.50;
$0.00 0.94 0.00 19.70 45.50;
$0.00 0.94 0.00 19.70 45.50;
$0.00 0.94 0.00 19.70 45.50;
$0.00 0.94 0.00 19.70 45.50;
$0.00 0.94 0.00 19.70 45.50;
$0.00 0.94 0.00 19.60 45.40;
$0.00 0.94 0.00 19.60 45.40;
$0.00 0.95 0.00 19.70 45.40;
$0.00 0.95 0.00 19.70 45.40;
$0.00 0.95 0.00 19.70 45.40;
$0.00 0.95 0.00 19.70 45.40;
$0.00 0.95 0.00 19.70 45.40;
$0.00 0.95 0.00 19.70 45.40;
$0.00 0.95 0.00 19.70 45.40;
$0.00 0.95 0.00 19.70 45.40;
$0.00 0.96 0.00 19.70 45.40;
$0.00 0.96 0.00 19.70 45.40;
$0.00 0.96 0.00 19.70 45.40;
$0.00 0.96 0.00 19.70 45.40;
$0.00 0.96 0.00 19.70 45.40;
$0.00 0.96 0.00 19.70 45.40;
$0.00 0.96 0.00 19.70 45.40;
$0.00 0.96 0.00 19.70 45.40;
$0.00 0.96 0.00 19.70 45.40;
$0.00 0.96 0.00 19.70 45.40;
$0.00 0.97 0.00 19.70 45.40;
$0.00 0.97 0.00 19.70 45.40;
$0.00 0.97 0.00 19.70 45.40;
$0.00 0.97 0.00 19.70 45.40;
$0.00 0.97 0.00 19.70 45.40;
$0.00 0.97 0.00 19.70 45.40;
$0.00 0.97 0.00 19.70 45.40;
$0.00 0.97 0.00 19.70 45.40;
$0.00 0.97 0.00 19.70 45.40;
$0.00 0.97 0.00 19.70 45.40;
$0.00 0.98 0.00 19.70 45.40;
$0.00 0.98 0.00 19.70 45.40;
$0.00 0.98 0.00 19.70 45.40;
$0.00 0.98 0.00 19.70 45.40;
$0.00 0.98 0.00 19.70 45.40;
$0.00 0.98 0.00 19.70 45.40;
$0.00 0.98 0.00 19.70 45.40;
$0.00 0.98 0.00 19.70 45.40;
$0.00 0.98 0.00 19.70 45.40;
$0.00 0.98 0.00 19.70 45.40;
$0.00 0.99 0.00 19.70 45.40;
$0.00 0.99 0.00 19.70 45.40;
$0.00 0.99 0.00 19.70 45.30;
$0.00 0.99 0.00 19.70 45.30;
$0.00 0.99 0.00 19.70 45.30;
$0.00 0.99 0.00 19.70 45.30;
$0.00 0.99 0.00 19.70 45.30;
$0.00 0.99 0.00 19.70 45.30;
$0.00 0.99 0.00 19.80 45.40;
$0.00 0.99 0.00 19.80 45.40;
$0.00 1.00 0.00 19.70 45.30;
$0.00 1.00 0.00 19.70 45.30;
$0.00 1.00 0.00 19.80 45.40;
$0.00 1.00 0.00 19.80 45.40;
$0.00 1.00 0.00 19.70 45.30;
$0.00 1.00 0.00 19.70 45.30;
$0.00 1.00 0.00 19.70 45.40;
$0.00 1.01 0.00 19.70 45.40;
$0.00 1.01 0.00 19.80 45.40;
$0.00 1.01 0.00 19.80 45.40;
$0.00 1.01 0.00 19.70 45.30;
$0.00 1.01 0.00 19.70 45.30;
$0.00 1.01 0.00 19.80 45.40;
$0.00 1.01 0.00 19.80 45.40;
$0.00 1.02 0.00 19.80 45.40;
$0.00 1.02 0.00 19.80 45.40;
$0.00 1.02 0.00 19.80 45.40;
$0.00 1.02 0.00 19.80 45.40;
$0.00 1.02 0.00 19.80 45.40;
$0.00 1.02 0.00 19.80 45.40;
$0.00 1.02 0.00 19.80 45.40;
$0.00 1.03 0.00 19.80 45.40;
$0.00 1.03 0.00 19.80 45.40;
$0.00 1.03 0.00 19.80 45.40;
$0.00 1.03 0.00 19.80 45.40;
$0.00 1.03 0.00 19.80 45.40;
$0.00 1.03 0.00 19.80 45.40;
$0.00 1.03 0.00 19.80 45.40;
$0.00 1.04 0.00 19.80 45.40;
$0.00 1.04 0.00 19.80 45.40;
$0.00 1.04 0.00 19.80 45.40;
$0.00 1.04 0.00 19.80 45.40;
$0.00 1.04 0.00 19.80 45.40;
$0.00 1.04 0.00 19.80 45.40;
$0.00 1.04 0.00 19.80 45.30;
$0.00 1.04 0.00 19.80 45.30;
$0.00 1.05 0.00 19.80 45.30;
$0.00 1.05 0.00 19.80 45.30;
$0.00 1.05 0.00 19.80 45.30;
$0.00 1.05 0.00 19.80 45.30;
$0.00 1.05 0.00 19.80 45.30;
$0.00 1.05 0.00 19.80 45.30;
$0.00 1.05 0.00 19.80 45.30;
$0.00 1.06 0.00 19.80 45.30;
$0.00 1.06 0.00 19.80 45.30;
$0.00 1.06 0.00 19.80 45.30;
$0.00 1.06 0.00 19.80 45.30;
$0.00 1.06 0.00 19.80 45.30;
$0.00 1.06 0.00 19.80 45.30;
$0.00 1.06 0.00 19.80 45.30;
$0.00 1.07 0.00 19.80 45.30;
$0.00 1.07 0.00 19.80 45.30;
$0.00 1.07 0.00 19.80 45.30;
$0.00 1.07 0.00 19.80 45.30;
$0.00 1.07 0.00 19.80 45.30;
$0.00 1.07 0.00 19.80 45.30;
$0.00 1.08 0.00 19.80 45.30;
$0.00 1.08 0.00 19.80 45.30;
$0.00 1.08 0.00 19.90 45.40;
$0.00 1.08 0.00 19.90 45.40;
$0.00 1.08 0.00 19.80 45.30;
$0.00 1.08 0.00 19.80 45.30;
$0.00 1.08 0.00 19.80 45.30;
$0.00 1.09 0.00 19.80 45.30;
$0.00 1.09 0.00 19.80 45.30;
$0.00 1.09 0.00 19.80 45.30;
$0.00 1.09 0.00 19.80 45.30;
$0.00 1.09 0.00 19.80 45.30;
$0.00 1.09 0.00 19.80 45.30;
$0.00 1.09 0.00 19.80 45.30;
$0.00 1.10 0.00 19.80 45.20;
$0.00 1.10 0.00 19.80 45.20;
$0.00 1.10 0.00 19.90 45.30;
$0.00 1.10 0.00 19.90 45.30;
$0.00 1.10 0.00 19.90 45.30;
$0.00 1.10 0.00 19.90 45.30;
$0.00 1.10 0.00 19.90 45.30;
$0.00 1.11 0.00 19.90 45.30;
$0.00 1.11 0.00 19.90 45.30;
$0.00 1.11 0.00 19.90 45.30;
$0.00 1.11 0.00 19.90 45.30;
$0.00 1.11 0.00 19.90 45.30;
$0.00 1.11 0.00 19.90 45.30;
$0.00 1.11 0.00 19.90 45.30;
$0.00 1.11 0.00 19.90 45.20;
$0.00 1.11 0.00 19.90 45.20;
$0.00 1.12 0.00 19.90 45.20;
$0.00 1.12 0.00 19.90 45.20;
$0.00 1.12 0.00 19.90 45.20;
$0.00 1.12 0.00 19.90 45.20;
$0.00 1.12 0.00 19.90 45.20;
$0.00 1.12 0.00 19.90 45.20;
$0.00 1.12 0.00 19.90 45.20;
$0.00 1.13 0.00 19.90 45.20;
$0.00 1.13 0.00 19.90 45.20;
$0.00 1.13 0.00 19.90 45.20;
$0.00 1.13 0.00 19.90 45.20;
$0.00 1.13 0.00 19.90 45.20;
$0.00 1.13 0.00 19.90 45.20;
$0.00 1.13 0.00 19.90 45.20;
$0.00 1.13 0.00 19.90 45.20;
$0.00 1.14 0.00 19.90 45.20;
$0.00 1.14 0.00 19.90 45.20;
$0.00 1.14 0.00 19.90 45.20;
$0.00 1.14 0.00 19.90 45.20;
$0.00 1.14 0.00 19.90 45.20;
$0.00 1.14 0.00 19.90 45.20;
$0.00 1.14 0.00 19.90 45.20;
$0.00 1.15 0.00 19.90 45.20;
$0.00 1.15 0.00 19.90 45.20;
$0.00 1.15 0.00 20.00 45.30;
$0.00 1.15 0.00 20.00 45.30;
$0.00 1.15 0.00 19.90 45.20;
$0.00 1.15 0.00 19.90 45.20;
$0.00 1.15 0.00 19.90 45.20;
$0.00 1.15 0.00 19.90 45.20;
$0.00 1.16 0.00 19.90 45.20;
$0.00 1.16 0.00 19.90 45.20;
$0.00 1.16 0.00 19.90 45.20;
$0.00 1.16 0.00 19.90 45.20;
$0.00 1.16 0.00 19.90 45.20;
$0.00 1.16 0.00 19.90 45.20;
$0.00 1.16 0.00 19.90 45.20;
$0.00 1.17 0.00 19.90 45.20;
$0.00 1.17 0.00 20.00 45.30;
$0.00 1.17 0.00 20.00 45.30;
$0.00 1.17 0.00 20.00 45.30;
$0.00 1.17 0.00 20.00 45.30;
$0.00 1.17 0.00 19.90 45.20;
$0.00 1.17 0.00 19.90 45.20;
$0.00 1.17 0.00 19.90 45.20;
$0.00 1.18 0.00 19.90 45.20;
$0.00 1.18 0.00 20.00 45.20;
$0.00 1.18 0.00 20.00 45.20;
$0.00 1.18 0.00 20.00 45.30;
$0.00 1.18 0.00 20.00 45.30;
$0.00 1.18 0.00 20.00 45.30;
$0.00 1.18 0.00 20.00 45.30;
$0.00 1.18 0.00 20.00 45.30;
$0.00 1.19 0.00 20.00 45.30;
$0.00 1.19 0.00 20.00 45.30;
$0.00 1.19 0.00 20.00 45.30;
$0.00 1.19 0.00 20.00 45.30;
$0.00 1.19 0.00 20.00 45.30;
$0.00 1.19 0.00 20.00 45.20;
$0.00 1.20 0.00 20.00 45.20;
$0.00 1.20 0.00 20.00 45.30;
$0.00 1.20 0.00 20.00 45.30;
$0.00 1.20 0.00 20.00 45.20;
$0.00 1.20 0.00 20.00 45.20;
$0.00 1.21 0.00 20.00 45.20;
$0.00 1.21 0.00 20.00 45.20;
$0.00 1.21 0.00 20.00 45.20;
$0.00 1.21 0.00 20.00 45.20;
$0.00 1.21 0.00 20.00 45.20;
$0.00 1.21 0.00 20.00 45.20;
$0.00 1.21 0.00 20.00 45.20;
$0.00 1.21 0.00 20.00 45.20;
$0.00 1.22 0.00 20.00 45.20;
$0.00 1.22 0.00 20.00 45.20;
$0.00 1.22 0.00 20.00 45.20;
$0.00 1.22 0.00 20.00 45.20;
$0.00 1.22 0.00 20.00 45.20;
$0.00 1.22 0.00 20.00 45.20;
$0.00 1.22 0.00 20.00 45.20;
$0.00 1.23 0.00 20.00 45.20;
$0.00 1.23 0.00 20.00 45.20;
$0.00 1.23 0.00 20.00 45.20;
$0.00 1.23 0.00 20.00 45.20;
$0.00 1.23 0.00 20.00 45.20;
$0.00 1.23 0.00 20.00 45.20;
$0.00 1.23 0.00 20.00 45.20;
$0.00 1.23 0.00 20.00 45.20;
$0.00 1.24 0.00 20.00 45.20;
$0.00 1.24 0.00 20.00 45.20;
$0.00 1.24 0.00 20.00 45.20;
$0.00 1.24 0.00 20.00 45.20;
$0.00 1.24 0.00 20.00 45.20;
$0.00 1.24 0.00 20.00 45.20;
$0.00 1.25 0.00 20.00 45.20;
$0.00 1.25 0.00 20.00 45.20;
$0.00 1.25 0.00 20.00 45.20;
$0.00 1.25 0.00 20.00 45.10;
$0.00 1.25 0.00 20.00 45.10;
$0.00 1.25 0.00 20.00 45.10;
$0.00 1.25 0.00 20.00 45.10;
$0.00 1.25 0.00 20.10 45.20;
$0.00 1.26 0.00 20.10 45.20;
$0.00 1.26 0.00 20.00 45.10;
$0.00 1.26 0.00 20.00 45.10;
$0.00 1.26 0.00 20.10 45.20;
$0.00 1.26 0.00 20.10 45.20;
$0.00 1.26 0.00 20.10 45.20;
$0.00 1.26 0.00 20.10 45.20;
$0.00 1.26 0.00 20.00 45.10;
$0.00 1.26 0.00 20.00 45.10;
$0.00 1.26 0.00 20.10 45.20;
$0.00 1.27 0.00 20.10 45.20;
$0.00 1.27 0.00 20.10 45.10;
$0.00 1.27 0.00 20.10 45.10;
$0.00 1.27 0.00 20.10 45.10;
$0.00 1.27 0.00 20.10 45.10;
$0.00 1.27 0.00 20.10 45.10;
$0.00 1.27 0.00 20.10 45.10;
$0.00 1.28 0.00 20.10 45.10;
$0.00 1.28 0.00 20.10 45.10;
$0.00 1.28 0.00 20.10 45.10;
$0.00 1.28 0.00 20.10 45.10;
$0.00 1.28 0.00 20.00 45.10;
$0.00 1.28 0.00 20.00 45.10;
$0.00 1.28 0.00 20.10 45.10;
$0.00 1.28 0.00 20.10 45.10;
$0.00 1.29 0.00 20.10 45.10;
$0.00 1.29 0.00 20.10 45.10;
$0.00 1.29 0.00 20.10 45.10;
$0.00 1.29 0.00 20.10 45.10;
$0.00 1.29 0.00 20.10 45.10;
$0.00 1.29 0.00 20.10 45.10;
$0.00 1.29 0.00 20.10 45.10;
$0.00 1.29 0.00 20.10 45.10;
$0.00 1.29 0.00 20.10 45.10;
$0.00 1.29 0.00 20.10 45.10;
$0.00 1.30 0.00 20.10 45.10;
$0.00 1.30 0.00 20.10 45.10;
$0.00 1.30 0.00 20.10 45.10;
$0.00 1.30 0.00 20.10 45.10;
$0.00 1.30 0.00 20.10 45.10;
$0.00 1.30 0.00 20.10 45.10;
$0.00 1.30 0.00 20.10 45.00;
$0.00 1.30 0.00 20.10 45.00;
$0.00 1.31 0.00 20.10 45.10;
$0.00 1.31 0.00 20.10 45.10;
$0.00 1.31 0.00 20.10 45.00;
$0.00 1.31 0.00 20.10 45.00;
$0.00 1.31 0.00 20.10 45.00;
$0.00 1.31 0.00 20.10 45.00;
$0.00 1.31 0.00 20.10 45.00;
$0.00 1.31 0.00 20.10 45.00;
$0.00 1.32 0.00 20.10 45.00;
$0.00 1.32 0.00 20.10 45.00;
$0.00 1.32 0.00 20.10 45.00;
$0.00 1.32 0.00 20.10 45.00;
$0.00 1.32 0.00 20.10 45.00;
$0.00 1.32 0.00 20.10 45.00;
$0.00 1.32 0.00 20.10 45.00;
$0.00 1.33 0.00 20.10 45.00;
$0.00 1.33 0.00 20.10 45.00;
$0.00 1.33 0.00 20.10 45.00;
$0.00 1.33 0.00 20.10 45.00;
$0.00 1.33 0.00 20.10 45.00;
$0.00 1.33 0.00 20.20 45.00;
$0.00 1.33 0.00 20.20 45.00;
$0.00 1.33 0.00 20.20 45.00;
$0.00 1.33 0.00 20.20 45.00;
$0.00 1.33 0.00 20.20 45.00;
$0.00 1.34 0.00 20.20 45.00;
$0.00 1.34 0.00 20.20 45.00;
$0.00 1.34 0.00 20.20 45.00;
$0.00 1.34 0.00 20.20 45.00;
$0.00 1.34 0.00 20.20 45.00;
$0.00 1.34 0.00 20.20 45.00;
$0.00 1.34 0.00 20.20 45.00;
$0.00 1.34 0.00 20.20 44.90;
$0.00 1.34 0.00 20.20 44.90;
$0.00 1.35 0.00 20.20 44.90;
$0.00 1.35 0.00 20.20 44.90;
$0.00 1.35 0.00 20.20 44.90;
$0.00 1.35 0.00 20.20 44.90;
$0.00 1.35 0.00 20.20 44.90;
$0.00 1.35 0.00 20.20 44.90;
$0.00 1.35 0.00 20.20 44.90;
$0.00 1.35 0.00 20.20 44.90;
$0.00 1.36 0.00 20.20 44.90;
$0.00 1.36 0.00 20.20 44.90;
$0.00 1.36 0.00 20.20 44.90;
$0.00 1.36 0.00 20.20 44.90;
$0.00 1.36 0.00 20.20 44.90;
$0.00 1.36 0.00 20.20 44.90;
$0.00 1.36 0.00 20.20 44.90;
$0.00 1.36 0.00 20.20 44.90;
$0.00 1.36 0.00 20.20 44.90;
$0.00 1.37 0.00 20.20 44.90;
$0.00 1.37 0.00 20.20 44.80;
$0.00 1.37 0.00 20.20 44.80;
$0.00 1.37 0.00 20.20 44.80;
$0.00 1.37 0.00 20.20 44.80;
$0.00 1.37 0.00 20.20 44.80;
$0.00 1.37 0.00 20.20 44.80;
$0.00 1.37 0.00 20.20 44.80;
$0.00 1.38 0.00 20.20 44.80;
$0.00 1.38 0.00 20.20 44.80;
$0.00 1.38 0.00 20.20 44.80;
$0.00 1.38 0.00 20.20 44.80;
$0.00 1.38 0.00 20.20 44.80;
$0.00 1.38 0.00 20.20 44.80;
$0.00 1.38 0.00 20.20 44.80;
$0.00 1.38 0.00 20.20 44.80;
$0.00 1.38 0.00 20.20 44.80;
$0.00 1.38 0.00 20.20 44.80;
$0.00 1.39 0.00 20.20 44.80;
$0.00 1.39 0.00 20.20 44.80;
$0.00 1.39 0.00 20.20 44.80;
$0.00 1.39 0.00 20.20 44.80;
$0.00 1.39 0.00 20.20 44.80;
$0.00 1.39 0.00 20.20 44.80;
$0.00 1.39 0.00 20.20 44.80;
$0.00 1.39 0.00 20.30 44.80;
$0.00 1.40 0.00 20.30 44.80;
$0.00 1.40 0.00 20.30 44.80;
$0.00 1.40 0.00 20.30 44.80;
$0.00 1.40 0.00 20.20 44.80;
$0.00 1.40 0.00 20.20 44.80;
$0.00 1.40 0.00 20.30 44.80;
$0.00 1.40 0.00 20.30 44.80;
$0.00 1.40 0.00 20.30 44.80;
$0.00 1.40 0.00 20.30 44.80;
$0.00 1.40 0.00 20.30 44.80;
$0.00 1.41 0.00 20.30 44.80;
$0.00 1.41 0.00 20.30 44.80;
$0.00 1.41 0.00 20.30 44.80;
$0.00 1.41 0.00 20.30 44.80;
$0.00 1.41 0.00 20.30 44.80;
$0.00 1.41 0.00 20.30 44.80;
$0.00 1.41 0.00 20.30 44.80;
$0.00 1.41 0.00 20.30 44.80;
$0.00 1.41 0.00 20.30 44.80;
$0.00 1.42 0.00 20.30 44.70;
$0.00 1.42 0.00 20.30 44.70;
$0.00 1.42 0.00 20.30 44.70;
$0.00 1.42 0.00 20.30 44.70;
$0.00 1.42 0.00 20.30 44.70;
$0.00 1.42 0.00 20.30 44.70;
$0.00 1.42 0.00 20.30 44.70;
$0.00 1.42 0.00 20.30 44.70;
$0.00 1.43 0.00 20.30 44.70;
$0.00 1.43 0.00 20.30 44.70;
$0.00 1.43 0.00 20.20 44.60;
$0.00 1.43 0.00 20.20 44.60;
$0.00 1.43 0.00 20.30 44.70;
$0.00 1.43 0.00 20.30 44.70;
$0.00 1.43 0.00 20.30 44.70;
$0.00 1.43 0.00 20.30 44.70;
$0.00 1.43 0.00 20.30 44.70;
$0.00 1.44 0.00 20.30 44.70;
$0.00 1.44 0.00 20.30 44.70;
$0.00 1.44 0.00 20.30 44.70;
$0.00 1.44 0.00 20.30 44.70;
$0.00 1.44 0.00 20.30 44.70;
$0.00 1.44 0.00 20.30 44.70;
$0.00 1.44 0.00 20.30 44.70;
$0.00 1.44 0.00 20.30 44.70;
$0.00 1.44 0.00 20.30 44.70;
$0.00 1.44 0.00 20.30 44.70;
$0.00 1.45 0.00 20.30 44.70;
$0.00 1.45 0.00 20.30 44.60;
$0.00 1.45 0.00 20.30 44.60;
$0.00 1.45 0.00 20.30 44.60;
$0.00 1.45 0.00 20.30 44.60;
$0.00 1.45 0.00 20.30 44.60;
$0.00 1.45 0.00 20.30 44.60;
$0.00 1.46 0.00 20.30 44.60;
$0.00 1.46 0.00 20.30 44.60;
$0.00 1.46 0.00 20.30 44.60;
$0.00 1.46 0.00 20.30 44.60;
$0.00 1.46 0.00 20.30 44.60;
$0.00 1.46 0.00 20.30 44.60;
$0.00 1.46 0.00 20.30 44.60;
$0.00 1.46 0.00 20.30 44.60;
$0.00 1.46 0.00 20.30 44.60;
$0.00 1.47 0.00 20.30 44.60;
$0.00 1.47 0.00 20.30 44.60;
$0.00 1.47 0.00 20.30 44.60;
$0.00 1.47 0.00 20.30 44.60;
$0.00 1.47 0.00 20.30 44.60;
$0.00 1.47 0.00 20.30 44.60;
$0.00 1.47 0.00 20.30 44.60;
$0.00 1.47 0.00 20.30 44.60;
$0.00 1.47 0.00 20.30 44.60;
$0.00 1.48 0.00 20.30 44.60;
$0.00 1.48 0.00 20.30 44.60;
$0.00 1.48 0.00 20.30 44.60;
$0.00 1.48 0.00 20.30 44.60;
$0.00 1.48 0.00 20.30 44.50;
$0.00 1.48 0.00 20.30 44.50;
$0.00 1.48 0.00 20.40 44.60;
$0.00 1.48 0.00 20.40 44.60;
$0.00 1.48 0.00 20.40 44.60;
$0.00 1.49 0.00 20.40 44.60;
$0.00 1.49 0.00 20.30 44.50;
$0.00 1.49 0.00 20.30 44.50;
$0.00 1.49 0.00 20.30 44.50;
$0.00 1.49 0.00 20.30 44.50;
$0.00 1.49 0.00 20.40 44.50;
$0.00 1.49 0.00 20.40 44.50;
$0.00 1.49 0.00 20.30 44.50;
$0.00 1.49 0.00 20.30 44.50;
$0.00 1.50 0.00 20.40 44.50;
$0.00 1.50 0.00 20.40 44.50;
$0.00 1.50 0.00 20.40 44.50;
$0.00 1.50 0.00 20.40 44.50;
$0.00 1.50 0.00 20.40 44.50;
$0.00 1.50 0.00 20.40 44.50;
$0.00 1.50 0.00 20.40 44.50;
$0.00 1.50 0.00 20.40 44.50;
$0.00 1.50 0.00 20.40 44.50;
$0.00 1.51 0.00 20.40 44.50;
$0.00 1.51 0.00 20.40 44.50;
$0.00 1.51 0.00 20.40 44.50;
$0.00 1.51 0.00 20.40 44.50;
$0.00 1.51 0.00 20.40 44.50;
$0.00 1.51 0.00 20.40 44.50;
$0.00 1.51 0.00 20.40 44.50;
$0.00 1.51 0.00 20.40 44.50;
$0.00 1.51 0.00 20.40 44.50;
$0.00 1.51 0.00 20.40 44.50;
$0.00 1.51 0.00 20.40 44.50;
$0.00 1.51 0.00 20.40 44.50;
$0.00 1.51 0.00 20.40 44.50;
$0.00 1.52 0.00 20.40 44.50;
$0.00 1.52 0.00 20.40 44.50;
$0.00 1.52 0.00 20.40 44.50;
$0.00 1.52 0.00 20.40 44.50;
$0.00 1.52 0.00 20.40 44.50;
$0.00 1.52 0.00 20.40 44.50;
$0.00 1.52 0.00 20.40 44.40;
$0.00 1.52 0.00 20.40 44.40;
$0.00 1.52 0.00 20.40 44.40;
$0.00 1.53 0.00 20.40 44.40;
$0.00 1.53 0.00 20.40 44.40;
$0.00 1.53 0.00 20.40 44.40;
$0.00 1.53 0.00 20.40 44.40;
$0.00 1.53 0.00 20.40 44.40;
$0.00 1.53 0.00 20.40 44.40;
$0.00 1.53 0.00 20.40 44.40;
$0.00 1.53 0.00 20.40 44.40;
$0.00 1.53 0.00 20.40 44.40;
$0.00 1.54 0.00 20.40 44.40;
$0.00 1.54 0.00 20.40 44.40;
$0.00 1.54 0.00 20.40 44.40;
$0.00 1.54 0.00 20.40 44.40;
$0.00 1.54 0.00 20.40 44.40;
$0.00 1.54 0.00 20.40 44.40;
$0.00 1.54 0.00 20.40 44.40;
$0.00 1.54 0.00 20.40 44.40;
$0.00 1.54 0.00 20.40 44.30;
$0.00 1.55 0.00 20.40 44.30;
$0.00 1.55 0.00 20.40 44.40;
$0.00 1.55 0.00 20.40 44.40;
$0.00 1.55 0.00 20.40 44.30;
$0.00 1.55 0.00 20.40 44.30;
$0.00 1.55 0.00 20.50 44.40;
$0.00 1.55 0.00 20.50 44.40;
$0.00 1.55 0.00 20.40 44.30;
$0.00 1.56 0.00 20.40 44.30;
$0.00 1.56 0.00 20.40 44.30;
$0.00 1.56 0.00 20.40 44.30;
$0.00 1.56 0.00 20.50 44.40;
$0.00 1.56 0.00 20.50 44.40;
$0.00 1.56 0.00 20.50 44.40;
$0.00 1.56 0.00 20.50 44.40;
$0.00 1.56 0.00 20.40 44.30;
$0.00 1.56 0.00 20.40 44.30;
$0.00 1.56 0.00 20.40 44.30;
$0.00 1.56 0.00 20.40 44.30;
$0.00 1.57 0.00 20.40 44.30;
$0.00 1.57 0.00 20.40 44.30;
$0.00 1.57 0.00 20.50 44.30;
$0.00 1.57 0.00 20.50 44.30;
$0.00 1.57 0.00 20.50 44.30;
$0.00 1.57 0.00 20.50 44.30;
$0.00 1.57 0.00 20.50 44.30;
$0.00 1.57 0.00 20.50 44.30;
$0.00 1.57 0.00 20.50 44.30;
$0.00 1.57 0.00 20.50 44.30;
$0.00 1.57 0.00 20.50 44.30;
$0.00 1.58 0.00 20.50 44.30;
$0.00 1.58 0.00 20.50 44.30;
$0.00 1.58 0.00 20.50 44.30;
$0.00 1.58 0.00 20.50 44.30;
$0.00 1.58 0.00 20.50 44.30;
$0.00 1.58 0.00 20.50 44.30;
$0.00 1.58 0.00 20.50 44.30;
$0.00 1.58 0.00 20.50 44.30;
$0.00 1.58 0.00 20.50 44.30;
$0.00 1.58 0.00 20.50 44.30;
$0.00 1.59 0.00 20.50 44.30;
$0.00 1.59 0.00 20.50 44.20;
$0.00 1.59 0.00 20.50 44.20;
$0.00 1.59 0.00 20.50 44.30;
$0.00 1.59 0.00 20.50 44.30;
$0.00 1.59 0.00 20.50 44.20;
$0.00 1.59 0.00 20.50 44.20;
$0.00 1.59 0.00 20.50 44.20;
$0.00 1.59 0.00 20.50 44.20;
$0.00 1.60 0.00 20.50 44.20;
$0.00 1.60 0.00 20.50 44.20;
$0.00 1.60 0.00 20.50 44.20;
$0.00 1.60 0.00 20.50 44.20;
$0.00 1.60 0.00 20.50 44.20;
$0.00 1.60 0.00 20.50 44.20;
$0.00 1.60 0.00 20.50 44.20;
$0.00 1.60 0.00 20.50 44.20;
$0.00 1.60 0.00 20.50 44.20;
$0.00 1.60 0.00 20.50 44.20;
$0.00 1.60 0.00 20.50 44.20;
$0.00 1.61 0.00 20.50 44.20;
$0.00 1.61 0.00 20.50 44.20;
$0.00 1.61 0.00 20.50 44.20;
$0.00 1.61 0.00 20.50 44.20;
$0.00 1.61 0.00 20.50 44.20;
$0.00 1.61 0.00 20.50 44.20;
$0.00 1.61 0.00 20.50 44.20;
$0.00 1.61 0.00 20.50 44.20;
$0.00 1.61 0.00 20.50 44.20;
$0.00 1.61 0.00 20.50 44.20;
$0.00 1.62 0.00 20.50 44.20;
$0.00 1.62 0.00 20.50 44.20;
$0.00 1.62 0.00 20.50 44.20;
$0.00 1.62 0.00 20.50 44.20;
$0.00 1.62 0.00 20.50 44.20;
$0.00 1.62 0.00 20.50 44.20;
$0.00 1.62 0.00 20.50 44.20;
$0.00 1.62 0.00 20.50 44.10;
$0.00 1.62 0.00 20.50 44.10;
$0.00 1.63 0.00 20.50 44.10;
$0.00 1.63 0.00 20.50 44.10;
$0.00 1.63 0.00 20.50 44.10;
$0.00 1.63 0.00 20.50 44.10;
$0.00 1.63 0.00 20.50 44.10;
$0.00 1.63 0.00 20.50 44.10;
$0.00 1.63 0.00 20.50 44.10;
$0.00 1.63 0.00 20.50 44.10;
$0.00 1.63 0.00 20.50 44.10;
$0.00 1.63 0.00 20.50 44.10;
$0.00 1.64 0.00 20.50 44.10;
$0.00 1.64 0.00 20.50 44.10;
$0.00 1.64 0.00 20.50 44.10;
$0.00 1.64 0.00 20.50 44.10;
$0.00 1.64 0.00 20.50 44.10;
$0.00 1.64 0.00 20.50 44.10;
$0.00 1.64 0.00 20.60 44.10;
$0.00 1.64 0.00 20.60 44.10;
$0.00 1.64 0.00 20.50 44.10;
$0.00 1.64 0.00 20.50 44.10;
$0.00 1.65 0.00 20.50 44.10;
$0.00 1.65 0.00 20.50 44.10;
$0.00 1.65 0.00 20.50 44.10;
$0.00 1.65 0.00 20.50 44.10;
$0.00 1.65 0.00 20.50 44.10;
$0.00 1.65 0.00 20.50 44.10;
$0.00 1.65 0.00 20.50 44.00;
$0.00 1.65 0.00 20.50 44.00;
$0.00 1.65 0.00 20.60 44.10;
$0.00 1.65 0.00 20.60 44.10;
$0.00 1.65 0.00 20.50 44.00;
$0.00 1.66 0.00 20.50 44.00;
$0.00 1.66 0.00 20.50 44.10;
$0.00 1.66 0.00 20.50 44.10;
$0.00 1.66 0.00 20.60 44.10;
$0.00 1.66 0.00 20.60 44.10;
$0.00 1.66 0.00 20.60 44.10;
$0.00 1.66 0.00 20.60 44.10;
$0.00 1.66 0.00 20.50 44.00;
$0.00 1.66 0.00 20.50 44.00;
$0.00 1.66 0.00 20.60 44.00;
$0.00 1.67 0.00 20.60 44.00;
$0.00 1.67 0.00 20.60 44.10;
$0.00 1.67 0.00 20.60 44.10;
$0.00 1.67 0.00 20.50 44.00;
$0.00 1.67 0.00 20.50 44.00;
$0.00 1.67 0.00 20.60 44.00;
$0.00 1.67 0.00 20.60 44.00;
$0.00 1.67 0.00 20.60 44.00;
$0.00 1.67 0.00 20.60 44.00;
$0.00 1.67 0.00 20.50 44.00;
$0.00 1.67 0.00 20.50 44.00;
$0.00 1.68 0.00 20.60 44.00;
$0.00 1.68 0.00 20.60 44.00;
$0.00 1.68 0.00 20.60 44.00;
$0.00 1.68 0.00 20.60 44.00;
$0.00 1.68 0.00 20.60 44.00;
$0.00 1.68 0.00 20.60 44.00;
$0.00 1.68 0.00 20.60 44.00;
$0.00 1.68 0.00 20.60 44.00;
$0.00 1.68 0.00 20.60 44.00;
$0.00 1.69 0.00 20.60 44.00;
$0.00 1.69 0.00 20.60 44.00;
$0.00 1.69 0.00 20.60 44.00;
$0.00 1.69 0.00 20.60 44.00;
$0.00 1.69 0.00 20.60 44.00;
$0.00 1.69 0.00 20.60 44.00;
$0.00 1.69 0.00 20.60 44.00;
$0.00 1.69 0.00 20.60 44.00;
$0.00 1.69 0.00 20.60 44.00;
$0.00 1.69 0.00 20.60 44.00;
$0.00 1.70 0.00 20.60 44.00;
$0.00 1.70 0.00 20.60 44.00;
$0.00 1.70 0.00 20.60 44.00;
$0.00 1.70 0.00 20.60 44.00;
$0.00 1.70 0.00 20.60 44.00;
$0.00 1.70 0.00 20.60 44.00;
$0.00 1.70 0.00 20.60 44.00;
$0.00 1.70 0.00 20.60 44.00;
$0.00 1.70 0.00 20.60 44.00;
$0.00 1.70 0.00 20.60 44.00;
$0.00 1.70 0.00 20.60 44.00;
$0.00 1.70 0.00 20.60 44.00;
$0.00 1.71 0.00 20.60 44.00;
$0.00 1.71 0.00 20.60 43.90;
$0.00 1.71 0.00 20.60 43.90;
$0.00 1.71 0.00 20.60 43.90;
$0.00 1.71 0.00 20.60 43.90;
$0.00 1.71 0.00 20.60 43.90;
$0.00 1.71 0.00 20.60 43.90;
$0.00 1.71 0.00 20.60 43.90;
$0.00 1.71 0.00 20.60 43.90;
$0.00 1.71 0.00 20.60 43.90;
$0.00 1.71 0.00 20.60 43.90;
$0.00 1.72 0.00 20.60 43.90;
$0.00 1.72 0.00 20.60 43.90;
$0.00 1.72 0.00 20.60 43.90;
$0.00 1.72 0.00 20.60 43.90;
$0.00 1.72 0.00 20.60 43.90;
$0.00 1.72 0.00 20.60 43.90;
$0.00 1.72 0.00 20.60 43.90;
$0.00 1.72 0.00 20.60 43.90;
$0.00 1.72 0.00 20.60 43.90;
$0.00 1.72 0.00 20.60 43.90;
$0.00 1.72 0.00 20.60 43.90;
$0.00 1.73 0.00 20.60 43.90;
$0.00 1.73 0.00 20.60 43.90;
$0.00 1.73 0.00 20.60 43.90;
$0.00 1.73 0.00 20.60 43.90;
$0.00 1.73 0.00 20.60 43.90;
$0.00 1.73 0.00 20.60 43.90;
$0.00 1.73 0.00 20.60 43.90;
$0.00 1.73 0.00 20.60 43.90;
$0.00 1.73 0.00 20.60 43.90;
$0.00 1.74 0.00 20.60 43.90;
$0.00 1.74 0.00 20.60 43.90;
$0.00 1.74 0.00 20.70 43.90;
$0.00 1.74 0.00 20.70 43.90;
$0.00 1.74 0.00 20.60 43.90;
$0.00 1.74 0.00 20.60 43.90;
$0.00 1.74 0.00 20.60 43.90;
$0.00 1.74 0.00 20.60 43.90;
$0.00 1.74 0.00 20.60 43.80;
$0.00 1.74 0.00 20.60 43.80;
$0.00 1.74 0.00 20.70 43.90;
$0.00 1.74 0.00 20.70 43.90;
$0.00 1.75 0.00 20.60 43.80;
$0.00 1.75 0.00 20.60 43.80;
$0.00 1.75 0.00 20.70 43.90;
$0.00 1.75 0.00 20.70 43.90;
$0.00 1.75 0.00 20.70 43.90;
$0.00 1.75 0.00 20.70 43.90;
$0.00 1.75 0.00 20.70 43.90;
$0.00 1.75 0.00 20.70 43.90;
$0.00 1.75 0.00 20.70 43.90;
$0.00 1.75 0.00 20.70 43.90;
$0.00 1.75 0.00 20.70 43.90;
$0.00 1.76 0.00 20.70 43.90;
$0.00 1.76 0.00 20.70 43.90;
$0.00 1.76 0.00 20.70 43.90;
$0.00 1.76 0.00 20.70 43.90;
$0.00 1.76 0.00 20.70 43.90;
$0.00 1.76 0.00 20.70 43.90;
$0.00 1.76 0.00 20.70 43.90;
$0.00 1.76 0.00 20.70 43.90;
$0.00 1.76 0.00 20.70 43.90;
$0.00 1.76 0.00 20.70 43.80;
$0.00 1.77 0.00 20.70 43.80;
$0.00 1.77 0.00 20.70 43.90;
$0.00 1.77 0.00 20.70 43.90;
$0.00 1.77 0.00 20.70 43.80;
$0.00 1.77 0.00 20.70 43.80;
$0.00 1.77 0.00 20.70 43.80;
$0.00 1.77 0.00 20.70 43.80;
$0.00 1.77 0.00 20.70 43.80;
$0.00 1.77 0.00 20.70 43.80;
$0.00 1.78 0.00 20.70 43.80;
$0.00 1.78 0.00 20.70 43.80;
$0.00 1.78 0.00 20.70 43.80;
$0.00 1.78 0.00 20.70 43.80;
$0.00 1.78 0.00 20.70 43.80;
$0.00 1.78 0.00 20.70 43.80;
$0.00 1.78 0.00 20.70 43.80;
$0.00 1.78 0.00 20.70 43.80;
$0.00 1.78 0.00 20.70 43.80;
$0.00 1.78 0.00 20.70 43.80;
$0.00 1.78 0.00 20.70 43.80;
$0.00 1.78 0.00 20.70 43.80;
$0.00 1.78 0.00 20.70 43.80;
$0.00 1.79 0.00 20.70 43.80;
$0.00 1.79 0.00 20.70 43.80;
$0.00 1.79 0.00 20.70 43.80;
$0.00 1.79 0.00 20.70 43.80;
$0.00 1.79 0.00 20.70 43.80;
$0.00 1.79 0.00 20.70 43.80;
$0.00 1.79 0.00 20.70 43.80;
$0.00 1.79 0.00 20.70 43.80;
$0.00 1.79 0.00 20.70 43.80;
$0.00 1.79 0.00 20.70 43.80;
$0.00 1.79 0.00 20.70 43.80;
$0.00 1.79 0.00 20.70 43.80;
$0.00 1.80 0.00 20.70 43.80;
$0.00 1.80 0.00 20.70 43.80;
$0.00 1.80 0.00 20.70 43.80;
$0.00 1.80 0.00 20.70 43.70;
$0.00 1.80 0.00 20.70 43.70;
$0.00 1.80 0.00 20.70 43.70;
$0.00 1.80 0.00 20.70 43.70;
$0.00 1.80 0.00 20.70 43.70;
$0.00 1.80 0.00 20.70 43.70;
$0.00 1.80 0.00 20.70 43.70;
$0.00 1.80 0.00 20.70 43.70;
$0.00 1.80 0.00 20.70 43.70;
$0.00 1.81 0.00 20.70 43.70;
$0.00 1.81 0.00 20.70 43.70;
$0.00 1.81 0.00 20.70 43.70;
$0.00 1.81 0.00 20.70 43.70;
$0.00 1.81 0.00 20.70 43.70;
$0.00 1.81 0.00 20.70 43.70;
$0.00 1.81 0.00 20.70 43.70;
$0.00 1.81 0.00 20.70 43.70;
$0.00 1.81 0.00 20.70 43.70;
$0.00 1.82 0.00 20.70 43.70;
$0.00 1.82 0.00 20.70 43.70;
$0.00 1.82 0.00 20.70 43.70;
$0.00 1.82 0.00 20.70 43.70;
$0.00 1.82 0.00 20.70 43.70;
$0.00 1.82 0.00 20.70 43.70;
$0.00 1.82 0.00 20.70 43.70;
$0.00 1.82 0.00 20.70 43.70;
$0.00 1.82 0.00 20.70 43.70;
$0.00 1.82 0.00 20.70 43.70;
$0.00 1.82 0.00 20.70 43.70;
$0.00 1.82 0.00 20.70 43.70;
$0.00 1.83 0.00 20.80 43.80;
$0.00 1.83 0.00 20.80 43.80;
$0.00 1.83 0.00 20.70 43.70;
$0.00 1.83 0.00 20.70 43.70;
$0.00 1.83 0.00 20.80 43.70;
$0.00 1.83 0.00 20.80 43.70;
$0.00 1.83 0.00 20.80 43.70;
$0.00 1.83 0.00 20.80 43.70;
$0.00 1.83 0.00 20.80 43.70;
$0.00 1.83 0.00 20.80 43.70;
$0.00 1.83 0.00 20.70 43.70;
$0.00 1.84 0.00 20.70 43.70;
$0.00 1.84 0.00 20.80 43.70;
$0.00 1.84 0.00 20.80 43.70;
$0.00 1.84 0.00 20.70 43.60;
$0.00 1.84 0.00 20.70 43.60;
$0.00 1.84 0.00 20.80 43.70;
$0.00 1.84 0.00 20.80 43.70;
$0.00 1.84 0.00 20.80 43.70;
$0.00 1.84 0.00 20.80 43.70;
$0.00 1.84 0.00 20.80 43.70;
$0.00 1.84 0.00 20.80 43.70;
$0.00 1.84 0.00 20.80 43.70;
$0.00 1.85 0.00 20.80 43.70;
$0.00 1.85 0.00 20.80 43.70;
$0.00 1.85 0.00 20.80 43.70;
$0.00 1.85 0.00 20.80 43.70;
$0.00 1.85 0.00 20.80 43.70;
$0.00 1.85 0.00 20.70 43.60;
$0.00 1.85 0.00 20.70 43.60;
$0.00 1.85 0.00 20.80 43.70;
$0.00 1.85 0.00 20.80 43.70;
$0.00 1.85 0.00 20.80 43.70;
$0.00 1.85 0.00 20.80 43.70;
$0.00 1.85 0.00 20.80 43.70;
$0.00 1.85 0.00 20.80 43.70;
$0.00 1.85 0.00 20.80 43.70;
$0.00 1.86 0.00 20.80 43.70;
$0.00 1.86 0.00 20.80 43.70;
$0.00 1.86 0.00 20.80 43.70;
$0.00 1.86 0.00 20.80 43.60;
$0.00 1.86 0.00 20.80 43.60;
$0.00 1.86 0.00 20.80 43.70;
$0.00 1.86 0.00 20.80 43.70;
$0.00 1.86 0.00 20.80 43.60;
$0.00 1.86 0.00 20.80 43.60;
$0.00 1.86 0.00 20.80 43.60;
$0.00 1.87 0.00 20.80 43.60;
$0.00 1.87 0.00 20.80 43.70;
$0.00 1.87 0.00 20.80 43.70;
$0.00 1.87 0.00 20.80 43.60;
$0.00 1.87 0.00 20.80 43.60;
$0.00 1.87 0.00 20.80 43.60;
$0.00 1.87 0.00 20.80 43.60;
$0.00 1.87 0.00 20.80 43.60;
$0.00 1.87 0.00 20.80 43.60;
$0.00 1.87 0.00 20.80 43.60;
$0.00 1.87 0.00 20.80 43.60;
$0.00 1.87 0.00 20.80 43.60;
$0.00 1.88 0.00 20.80 43.60;
$0.00 1.88 0.00 20.80 43.60;
$0.00 1.88 0.00 20.80 43.60;
$0.00 1.88 0.00 20.80 43.60;
$0.00 1.88 0.00 20.80 43.60;
$0.00 1.88 0.00 20.80 43.60;
$0.00 1.88 0.00 20.80 43.60;
$0.00 1.88 0.00 20.80 43.60;
$0.00 1.88 0.00 20.80 43.60;
$0.00 1.88 0.00 20.80 43.60;
$0.00 1.88 0.00 20.80 43.60;
$0.00 1.89 0.00 20.80 43.60;
$0.00 1.89 0.00 20.80 43.60;
$0.00 1.89 0.00 20.80 43.60;
$0.00 1.89 0.00 20.80 43.60;
$0.00 1.89 0.00 20.80 43.60;
$0.00 1.89 0.00 20.80 43.60;
$0.00 1.89 0.00 20.80 43.60;
$0.00 1.89 0.00 20.80 43.60;
$0.00 1.89 0.00 20.80 43.60;
$0.00 1.89 0.00 20.80 43.60;
$0.00 1.89 0.00 20.80 43.60;
$0.00 1.89 0.00 20.80 43.60;
$0.00 1.90 0.00 20.80 43.60;
$0.00 1.90 0.00 20.80 43.60;
$0.00 1.90 0.00 20.80 43.60;
$0.00 1.90 0.00 20.80 43.60;
$0.00 1.90 0.00 20.80 43.60;
$0.00 1.90 0.00 20.80 43.60;
$0.00 1.90 0.00 20.80 43.60;
$0.00 1.90 0.00 20.80 43.60;
$0.00 1.90 0.00 20.80 43.60;
$0.00 1.90 0.00 20.80 43.60;
$0.00 1.90 0.00 20.80 43.50;
$0.00 1.91 0.00 20.80 43.50;
$0.00 1.91 0.00 20.80 43.60;
$0.00 1.91 0.00 20.80 43.60;
$0.00 1.91 0.00 20.80 43.50;
$0.00 1.91 0.00 20.80 43.50;
$0.00 1.91 0.00 20.80 43.50;
$0.00 1.91 0.00 20.80 43.50;
$0.00 1.91 0.00 20.80 43.50;
$0.00 1.91 0.00 20.80 43.50;
$0.00 1.91 0.00 20.90 43.60;
$0.00 1.92 0.00 20.90 43.60;
$0.00 1.92 0.00 20.90 43.60;
$0.00 1.92 0.00 20.90 43.60;
$0.00 1.92 0.00 20.80 43.50;
$0.00 1.92 0.00 20.80 43.50;
$0.00 1.92 0.00 20.80 43.50;
$0.00 1.92 0.00 20.80 43.50;
$0.00 1.92 0.00 20.80 43.50;
$0.00 1.93 0.00 20.80 43.50;
$0.00 1.93 0.00 20.80 43.50;
$0.00 1.93 0.00 20.80 43.50;
$0.00 1.93 0.00 20.90 43.60;
$0.00 1.93 0.00 20.90 43.60;
$0.00 1.93 0.00 20.80 43.50;
$0.00 1.93 0.00 20.80 43.50;
$0.00 1.93 0.00 20.90 43.60;
$0.00 1.93 0.00 20.90 43.60;
$0.00 1.93 0.00 20.90 43.60;
$0.00 1.93 0.00 20.90 43.60;
$0.00 1.93 0.00 20.90 43.60;
$0.00 1.93 0.00 20.90 43.60;
$0.00 1.93 0.00 20.90 43.60;
$0.00 1.93 0.00 20.90 43.60;
$0.00 1.93 0.00 20.90 43.60;
$0.00 1.93 0.00 20.90 43.60;
$0.00 1.93 0.00 20.90 43.60;
$0.00 1.93 0.00 20.90 43.60;
$0.00 1.93 0.00 20.90 43.60;
$0.00 1.93 0.00 20.90 43.60;
$0.00 1.93 0.00 20.90 43.60;
$0.00 1.93 0.00 20.90 43.60;
$0.00 1.93 0.00 20.90 43.60;
$0.00 1.93 0.00 20.90 43.60;
$0.00 1.93 0.00 20.90 43.60;
$0.00 1.93 0.00 20.90 43.60;
$0.00 1.93 0.00 20.90 43.60;
$0.00 1.93 0.00 20.90 43.60;
$0.00 1.93 0.00 20.90 43.60;
$0.00 1.93 0.00 20.90 43.60;
$0.00 1.93 0.00 20.90 43.60;
$0.00 1.93 0.00 20.90 43.60;
$0.00 1.93 0.00 20.90 43.60;
$0.00 1.93 0.00 20.90 43.60;
$0.00 1.93 0.00 20.90 43.60;
$0.00 1.93 0.00 20.90 43.60;
$0.00 1.93 0.00 20.90 43.60;
$0.00 1.93 0.00 20.90 43.60;
$0.00 1.93 0.00 20.90 43.60;
$0.00 1.93 0.00 20.90 43.60;
$0.00 1.93 0.00 20.90 43.60;
$0.00 1.93 0.00 20.90 43.60;
$0.00 1.93 0.00 20.90 43.60;
$0.00 1.93 0.00 20.90 43.60;
$0.00 1.93 0.00 20.90 43.60;
$0.00 1.93 0.00 20.90 43.60;
$0.00 1.93 0.00 20.90 43.60;
$0.00 1.93 0.00 20.90 43.60;
$0.00 1.93 0.00 20.90 43.60;
$0.00 1.93 0.00 20.90 43.60;
$0.00 1.93 0.00 20.90 43.60;
$0.00 1.93 0.00 20.90 43.60;
$0.00 1.93 0.00 20.90 43.60;
$0.00 1.93 0.00 20.90 43.60;
$0.00 1.93 0.00 20.90 43.60;
$0.00 1.93 0.00 20.90 43.60;
$0.00 1.93 0.00 20.90 43.60;
$0.00 1.93 0.00 20.90 43.60;
$0.00 1.93 0.00 20.90 43.60;
$0.00 1.93 0.00 20.90 43.60;
$0.00 1.93 0.00 20.90 43.60;
$0.00 1.93 0.00 20.90 43.60;
$0.00 1.93 0.00 20.90 43.50;
$0.00 1.93 0.00 20.90 43.50;
$0.00 1.93 0.00 20.90 43.60;
$0.00 1.93 0.00 20.90 43.60;
$0.00 1.93 0.00 20.90 43.50;
$0.00 1.93 0.00 20.90 43.50;
$0.00 1.93 0.00 20.90 43.60;
$0.00 1.93 0.00 20.90 43.60;
$0.00 1.93 0.00 20.90 43.50;
$0.00 1.93 0.00 20.90 43.50;
$0.00 1.93 0.00 20.90 43.50;
$0.00 1.93 0.00 20.90 43.50;
$0.00 1.93 0.00 20.90 43.50;
$0.00 1.93 0.00 20.90 43.50;
$0.00 1.93 0.00 20.90 43.50;
$0.00 1.93 0.00 20.90 43.50;
$0.00 1.93 0.00 20.90 43.50;
$0.00 1.93 0.00 20.90 43.50;
$0.00 1.93 0.00 20.90 43.50;
$0.00 1.93 0.00 20.90 43.50;
$0.00 1.93 0.00 20.90 43.50;
$0.00 1.93 0.00 20.90 43.50;
$0.00 1.93 0.00 20.90 43.50;
$0.00 1.93 0.00 20.90 43.50;
$0.00 1.93 0.00 20.90 43.50;
$0.00 1.93 0.00 20.90 43.50;
$0.00 1.93 0.00 20.90 43.50;
$0.00 1.93 0.00 20.90 43.50;
$0.00 1.93 0.00 20.90 43.50;
$0.00 1.93 0.00 20.90 43.50;
$0.00 1.93 0.00 21.00 43.50;
$0.00 1.93 0.00 21.00 43.50;
$0.00 1.93 0.00 21.00 43.50;
$0.00 1.93 0.00 21.00 43.50;
$0.00 1.93 0.00 20.90 43.50;
$0.00 1.93 0.00 20.90 43.50;
$0.00 1.92 0.00 21.00 43.50;
$0.00 1.92 0.00 21.00 43.50;
$0.00 1.92 0.00 21.00 43.60;
$0.00 1.92 0.00 21.00 43.60;
$0.00 1.92 0.00 21.00 43.50;
$0.00 1.92 0.00 21.00 43.50;
$0.00 1.92 0.00 21.00 43.50;
$0.00 1.92 0.00 21.00 43.50;
$0.00 1.92 0.00 21.00 43.50;
$0.00 1.92 0.00 21.00 43.50;
$0.00 1.92 0.00 21.00 43.50;
$0.00 1.92 0.00 21.00 43.50;
$0.00 1.92 0.00 21.00 43.50;
$0.00 1.92 0.00 21.00 43.50;
$0.00 1.92 0.00 21.00 43.50;
$0.00 1.92 0.00 21.00 43.50;
$0.00 1.92 0.00 21.00 43.50;
$0.00 1.92 0.00 21.00 43.50;
$0.00 1.92 0.00 21.00 43.50;
$0.00 1.92 0.00 21.00 43.50;
$0.00 1.92 0.00 21.00 43.50;
$0.00 1.92 0.00 21.00 43.50;
$0.00 1.92 0.00 21.00 43.50;
$0.00 1.92 0.00 21.00 43.50;
$0.00 1.92 0.00 21.00 43.50;
$0.00 1.92 0.00 21.00 43.50;
$0.00 1.92 0.00 21.00 43.50;
$0.00 1.92 0.00 21.00 43.50;
$0.00 1.92 0.00 21.00 43.50;
$0.00 1.92 0.00 21.00 43.50;
$0.00 1.92 0.00 21.00 43.50;
$0.00 1.92 0.00 21.00 43.50;
$0.00 1.92 0.00 21.00 43.50;
$0.00 1.92 0.00 21.00 43.50;
$0.00 1.92 0.00 21.00 43.50;
$0.00 1.92 0.00 21.00 43.50;
$0.00 1.92 0.00 21.00 43.50;
$0.00 1.92 0.00 21.00 43.50;
$0.00 1.92 0.00 21.00 43.50;
$0.00 1.92 0.00 21.00 43.50;
$0.00 1.92 0.00 21.00 43.50;
$0.00 1.92 0.00 21.00 43.50;
$0.00 1.92 0.00 21.00 43.50;
$0.00 1.92 0.00 21.00 43.50;
$0.00 1.92 0.00 21.00 43.50;
$0.00 1.92 0.00 21.00 43.50;
$0.00 1.92 0.00 21.00 43.50;
$0.00 1.92 0.00 21.00 43.50;
$0.00 1.92 0.00 21.00 43.50;
$0.00 1.92 0.00 21.00 43.50;
$0.00 1.92 0.00 21.00 43.50;
$0.00 1.92 0.00 21.00 43.50;
$0.00 1.92 0.00 21.00 43.50;
$0.00 1.92 0.00 21.00 43.50;
$0.00 1.92 0.00 21.00 43.50;
$0.00 1.92 0.00 21.00 43.50;
$0.00 1.92 0.00 21.00 43.40;
$0.00 1.92 0.00 21.00 43.40;
$0.00 1.92 0.00 21.00 43.40;
$0.00 1.92 0.00 21.00 43.40;
$0.00 1.92 0.00 21.00 43.40;
$0.00 1.92 0.00 21.00 43.40;
$0.00 1.92 0.00 21.00 43.40;
$0.00 1.92 0.00 21.00 43.40;
$0.00 1.92 0.00 21.00 43.40;
$0.00 1.92 0.00 21.00 43.40;
$0.00 1.92 0.00 21.00 43.40;
$0.00 1.92 0.00 21.00 43.40;
$0.00 1.92 0.00 21.00 43.40;
$0.00 1.92 0.00 21.00 43.40;
$0.00 1.92 0.00 21.00 43.40;
$0.00 1.92 0.00 21.00 43.40;
$0.00 1.92 0.00 21.00 43.40;
$0.00 1.92 0.00 21.00 43.40;
$0.00 1.92 0.00 21.00 43.40;
$0.00 1.92 0.00 21.00 43.40;
$0.00 1.92 0.00 21.00 43.40;
$0.00 1.92 0.00 21.00 43.40;
$0.00 1.92 0.00 21.00 43.40;
$0.00 1.92 0.00 21.00 43.40;
$0.00 1.92 0.00 21.00 43.40;
$0.00 1.92 0.00 21.00 43.40;
$0.00 1.92 0.00 21.10 43.40;
$0.00 1.92 0.00 21.10 43.40;
$0.00 1.92 0.00 21.00 43.40;
$0.00 1.92 0.00 21.00 43.40;
$0.00 1.92 0.00 21.00 43.40;
$0.00 1.92 0.00 21.00 43.40;
$0.00 1.92 0.00 21.00 43.40;
$0.00 1.92 0.00 21.00 43.40;
$0.00 1.92 0.00 21.10 43.40;
$0.00 1.92 0.00 21.10 43.40;
$0.00 1.92 0.00 21.00 43.40;
$0.00 1.92 0.00 21.00 43.40;
$0.00 1.92 0.00 21.00 43.40;
$0.00 1.92 0.00 21.00 43.40;
$0.00 1.92 0.00 21.10 43.40;
$0.00 1.92 0.00 21.10 43.40;
$0.00 1.92 0.00 21.10 43.40;
$0.00 1.92 0.00 21.10 43.40;
$0.00 1.92 0.00 21.00 43.30;
$0.00 1.92 0.00 21.00 43.30;
$0.00 1.92 0.00 21.10 43.40;
$0.00 1.92 0.00 21.10 43.40;
$0.00 1.92 0.00 21.10 43.40;
$0.00 1.92 0.00 21.10 43.40;
$0.00 1.92 0.00 21.00 43.30;
$0.00 1.92 0.00 21.00 43.30;
$0.00 1.92 0.00 21.00 43.30;
$0.00 1.92 0.00 21.10 43.40;
$0.00 1.92 0.00 21.10 43.40;
$0.00 1.92 0.00 21.10 43.40;
$0.00 1.92 0.00 21.10 43.40;
$0.00 1.92 0.00 21.10 43.30;
$0.00 1.92 0.00 21.10 43.30;
$0.00 1.92 0.00 21.10 43.40;
$0.00 1.92 0.00 21.10 43.40;
$0.00 1.92 0.00 21.10 43.30;
$0.00 1.92 0.00 21.10 43.30;
$0.00 1.92 0.00 21.10 43.30;
$0.00 1.92 0.00 21.10 43.30;
$0.00 1.92 0.00 21.10 43.30;
$0.00 1.92 0.00 21.10 43.30;
$0.00 1.92 0.00 21.10 43.30;
$0.00 1.92 0.00 21.10 43.30;
$0.00 1.92 0.00 21.10 43.30;
$0.00 1.92 0.00 21.10 43.30;
$0.00 1.92 0.00 21.10 43.30;
$0.00 1.92 0.00 21.10 43.30;
$0.00 1.92 0.00 21.10 43.30;
$0.00 1.92 0.00 21.10 43.30;
$0.00 1.92 0.00 21.10 43.30;
$0.00 1.92 0.00 21.10 43.30;
$0.00 1.92 0.00 21.10 43.30;
$0.00 1.92 0.00 21.10 43.30;
$0.00 1.92 0.00 21.10 43.30;
$0.00 1.92 0.00 21.10 43.30;
$0.00 1.92 0.00 21.10 43.30;
$0.00 1.92 0.00 21.10 43.30;
$0.00 1.92 0.00 21.10 43.30;
$0.00 1.92 0.00 21.10 43.30;
$0.00 1.92 0.00 21.10 43.30;
$0.00 1.92 0.00 21.10 43.30;
$0.00 1.92 0.00 21.10 43.30;
$0.00 1.92 0.00 21.10 43.30;
$0.00 1.92 0.00 21.10 43.30;
$0.00 1.92 0.00 21.10 43.30;
$0.00 1.92 0.00 21.10 43.30;
$0.00 1.92 0.00 21.10 43.30;
$0.00 1.92 0.00 21.10 43.30;
$0.00 1.92 0.00 21.10 43.30;
$0.00 1.92 0.00 21.10 43.30;
$0.00 1.92 0.00 21.10 43.30;
$0.00 1.92 0.00 21.10 43.30;
$0.00 1.92 0.00 21.10 43.30;
$0.00 1.92 0.00 21.10 43.30;
$0.00 1.92 0.00 21.10 43.30;
$0.00 1.92 0.00 21.10 43.30;
$0.00 1.92 0.00 21.10 43.30;
$0.00 1.92 0.00 21.10 43.30;
$0.00 1.92 0.00 21.10 43.30;
$0.00 1.92 0.00 21.10 43.30;
$0.00 1.92 0.00 21.10 43.30;
$0.00 1.92 0.00 21.10 43.30;
$0.00 1.92 0.00 21.10 43.30;
$0.00 1.92 0.00 21.10 43.30;
$0.00 1.92 0.00 21.10 43.30;
$0.00 1.92 0.00 21.10 43.30;
$0.00 1.92 0.00 21.10 43.30;
$0.00 1.92 0.00 21.10 43.20;
$0.00 1.92 0.00 21.10 43.20;
$0.00 1.92 0.00 21.10 43.20;
$0.00 1.92 0.00 21.10 43.20;
$0.00 1.92 0.00 21.10 43.30;
$0.00 1.92 0.00 21.10 43.30;
$0.00 1.92 0.00 21.10 43.20;
$0.00 1.92 0.00 21.10 43.20;
$0.00 1.92 0.00 21.10 43.20;
$0.00 1.92 0.00 21.10 43.20;
$0.00 1.92 0.00 21.10 43.20;
$0.00 1.92 0.00 21.10 43.20;
$0.00 1.92 0.00 21.10 43.20;
$0.00 1.92 0.00 21.10 43.20;
$0.00 1.92 0.00 21.10 43.20;
$0.00 1.92 0.00 21.10 43.20;
$0.00 1.92 0.00 21.10 43.20;
$0.00 1.92 0.00 21.10 43.20;
$0.00 1.92 0.00 21.10 43.20;
$0.00 1.92 0.00 21.10 43.20;
$0.00 1.92 0.00 21.10 43.30;
$0.00 1.92 0.00 21.10 43.30;
$0.00 1.92 0.00 21.20 43.30;
$0.00 1.92 0.00 21.20 43.30;
$0.00 1.91 0.00 21.20 43.30;
$0.00 1.91 0.00 21.20 43.30;
$0.00 1.91 0.00 21.10 43.20;
$0.00 1.91 0.00 21.10 43.20;
$0.00 1.91 0.00 21.10 43.20;
$0.00 1.91 0.00 21.10 43.20;
$0.00 1.91 0.00 21.10 43.20;
$0.00 1.91 0.00 21.10 43.20;
$0.00 1.91 0.00 21.10 43.20;
$0.00 1.91 0.00 21.10 43.20;
$0.00 1.91 0.00 21.10 43.20;
$0.00 1.91 0.00 21.10 43.20;
$0.00 1.91 0.00 21.20 43.30;
$0.00 1.91 0.00 21.20 43.30;
$0.00 1.91 0.00 21.10 43.20;
$0.00 1.91 0.00 21.10 43.20;
$0.00 1.91 0.00 21.20 43.30;
$0.00 1.91 0.00 21.20 43.30;
$0.00 1.91 0.00 21.20 43.30;
$0.00 1.91 0.00 21.20 43.30;
$0.00 1.91 0.00 21.20 43.30;
$0.00 1.91 0.00 21.20 43.30;
$0.00 1.91 0.00 21.20 43.30;
$0.00 1.91 0.00 21.20 43.30;
$0.00 1.91 0.00 21.20 43.30;
$0.00 1.91 0.00 21.20 43.30;
$0.00 1.91 0.00 21.20 43.30;
$0.00 1.91 0.00 21.20 43.30;
$0.00 1.91 0.00 21.20 43.30;
$0.00 1.91 0.00 21.20 43.30;
$0.00 1.91 0.00 21.20 43.30;
$0.00 1.91 0.00 21.20 43.30;
$0.00 1.91 0.00 21.20 43.30;
$0.00 1.91 0.00 21.20 43.30;
$0.00 1.91 0.00 21.20 43.30;
$0.00 1.91 0.00 21.20 43.30;
$0.00 1.91 0.00 21.20 43.30;
$0.00 1.91 0.00 21.20 43.30;
$0.00 1.91 0.00 21.20 43.30;
$0.00 1.91 0.00 21.20 43.30;
$0.00 1.91 0.00 21.20 43.20;
$0.00 1.91 0.00 21.20 43.20;
$0.00 1.91 0.00 21.20 43.20;
$0.00 1.91 0.00 21.20 43.20;
$0.00 1.91 0.00 21.20 43.30;
$0.00 1.91 0.00 21.20 43.30;
$0.00 1.91 0.00 21.20 43.20;
$0.00 1.91 0.00 21.20 43.20;
$0.00 1.91 0.00 21.20 43.20;
$0.00 1.91 0.00 21.20 43.20;
$0.00 1.91 0.00 21.20 43.20;
$0.00 1.91 0.00 21.20 43.20;
$0.00 1.91 0.00 21.20 43.30;
$0.00 1.91 0.00 21.20 43.30;
$0.00 1.91 0.00 21.20 43.30;
$0.00 1.91 0.00 21.20 43.30;
$0.00 1.91 0.00 21.20 43.30;
$0.00 1.91 0.00 21.20 43.30;
$0.00 1.91 0.00 21.20 43.30;
$0.00 1.91 0.00 21.20 43.30;
$0.00 1.91 0.00 21.20 43.30;
$0.00 1.91 0.00 21.20 43.30;
$0.00 1.91 0.00 21.20 43.30;
$0.00 1.91 0.00 21.20 43.30;
$0.00 1.91 0.00 21.20 43.30;
$0.00 1.91 0.00 21.20 43.30;
$0.00 1.91 0.00 21.20 43.20;
$0.00 1.91 0.00 21.20 43.20;
$0.00 1.91 0.00 21.20 43.20;
$0.00 1.91 0.00 21.20 43.20;
$0.00 1.91 0.00 21.20 43.20;
$0.00 1.91 0.00 21.20 43.20;
$0.00 1.91 0.00 21.20 43.20;
$0.00 1.91 0.00 21.20 43.20;
$0.00 1.91 0.00 21.20 43.20;
$0.00 1.91 0.00 21.20 43.20;
$0.00 1.91 0.00 21.20 43.20;
$0.00 1.91 0.00 21.20 43.20;
$0.00 1.91 0.00 21.20 43.20;
$0.00 1.91 0.00 21.20 43.20;
$0.00 1.91 0.00 21.20 43.20;
$0.00 1.91 0.00 21.20 43.20;
$0.00 1.91 0.00 21.20 43.20;
$0.00 1.91 0.00 21.20 43.20;
$0.00 1.91 0.00 21.20 43.20;
$0.00 1.91 0.00 21.20 43.20;
$0.00 1.91 0.00 21.20 43.20;
$0.00 1.91 0.00 21.20 43.20;
$0.00 1.91 0.00 21.20 43.20;
$0.00 1.91 0.00 21.20 43.20;
$0.00 1.91 0.00 21.20 43.20;
$0.00 1.91 0.00 21.20 43.20;
$0.00 1.91 0.00 21.20 43.20;
$0.00 1.91 0.00 21.20 43.20;
$0.00 1.91 0.00 21.20 43.20;
$0.00 1.91 0.00 21.20 43.20;
$0.00 1.91 0.00 21.20 43.20;
$0.00 1.91 0.00 21.20 43.20;
$0.00 1.91 0.00 21.20 43.20;
$0.00 1.91 0.00 21.20 43.20;
$0.00 1.91 0.00 21.30 43.30;
$0.00 1.91 0.00 21.30 43.30;
$0.00 1.91 0.00 21.20 43.20;
$0.00 1.91 0.00 21.20 43.20;
$0.00 1.91 0.00 21.20 43.20;
$0.00 1.91 0.00 21.20 43.20;
$0.00 1.91 0.00 21.20 43.20;
$0.00 1.91 0.00 21.20 43.20;
$0.00 1.91 0.00 21.20 43.20;
$0.00 1.91 0.00 21.20 43.20;
$0.00 1.91 0.00 21.20 43.20;
$0.00 1.91 0.00 21.20 43.20;
$0.00 1.91 0.00 21.30 43.20;
$0.00 1.91 0.00 21.30 43.20;
$0.00 1.91 0.00 21.20 43.20;
$0.00 1.91 0.00 21.20 43.20;
$0.00 1.91 0.00 21.20 43.20;
$0.00 1.91 0.00 21.20 43.20;
$0.00 1.91 0.00 21.30 43.20;
$0.00 1.91 0.00 21.30 43.20;
$0.00 1.91 0.00 21.20 43.20;
$0.00 1.91 0.00 21.20 43.20;
$0.00 1.91 0.00 21.20 43.20;
$0.00 1.91 0.00 21.20 43.20;
$0.00 1.91 0.00 21.20 43.20;
$0.00 1.91 0.00 21.20 43.20;
$0.00 1.91 0.00 21.20 43.20;
$0.00 1.91 0.00 21.20 43.20;
$0.00 1.91 0.00 21.30 43.20;
$0.00 1.91 0.00 21.30 43.20;
$0.00 1.91 0.00 21.30 43.20;
$0.00 1.91 0.00 21.30 43.20;
$0.00 1.91 0.00 21.30 43.20;
$0.00 1.91 0.00 21.30 43.20;
$0.00 1.91 0.00 21.30 43.20;
$0.00 1.91 0.00 21.30 43.20;
$0.00 1.91 0.00 21.30 43.20;
$0.00 1.91 0.00 21.30 43.20;
$0.00 1.91 0.00 21.30 43.20;
$0.00 1.91 0.00 21.30 43.20;
$0.00 1.91 0.00 21.30 43.20;
$0.00 1.91 0.00 21.30 43.20;
$0.00 1.91 0.00 21.30 43.20;
$0.00 1.91 0.00 21.30 43.20;
$0.00 1.91 0.00 21.30 43.20;
$0.00 1.91 0.00 21.30 43.20;
$0.00 1.91 0.00 21.30 43.20;
$0.00 1.91 0.00 21.30 43.20;
$0.00 1.91 0.00 21.30 43.20;
$0.00 1.91 0.00 21.30 43.20;
$0.00 1.91 0.00 21.30 43.20;
$0.00 1.91 0.00 21.30 43.20;
$0.00 1.91 0.00 21.30 43.20;
$0.00 1.91 0.00 21.30 43.20;
$0.00 1.91 0.00 21.30 43.20;
$0.00 1.91 0.00 21.30 43.20;
$0.00 1.91 0.00 21.30 43.20;
$0.00 1.91 0.00 21.30 43.20;
$0.00 1.91 0.00 21.30 43.20;
$0.00 1.91 0.00 21.30 43.20;
$0.00 1.91 0.00 21.30 43.20;
$0.00 1.91 0.00 21.30 43.20;
$0.00 1.91 0.00 21.20 43.20;
$0.00 1.91 0.00 21.20 43.20;
$0.00 1.91 0.00 21.30 43.20;
$0.00 1.91 0.00 21.30 43.20;
$0.00 1.91 0.00 21.30 43.20;
$0.00 1.91 0.00 21.30 43.20;
$0.00 1.91 0.00 21.30 43.20;
$0.00 1.91 0.00 21.30 43.20;
$0.00 1.91 0.00 21.30 43.20;
$0.00 1.91 0.00 21.30 43.20;
$0.00 1.91 0.00 21.30 43.20;
$0.00 1.91 0.00 21.30 43.20;
$0.00 1.91 0.00 21.30 43.20;
$0.00 1.91 0.00 21.30 43.20;
$0.00 1.91 0.00 21.30 43.20;
$0.00 1.91 0.00 21.30 43.20;
$0.00 1.91 0.00 21.30 43.20;
$0.00 1.91 0.00 21.30 43.20;
$0.00 1.91 0.00 21.30 43.20;
$0.00 1.91 0.00 21.30 43.20;
$0.00 1.91 0.00 21.30 43.20;
$0.00 1.91 0.00 21.30 43.20;
$0.00 1.91 0.00 21.30 43.20;
$0.00 1.91 0.00 21.30 43.20;
$0.00 1.91 0.00 21.30 43.20;
$0.00 1.91 0.00 21.30 43.20;
$0.00 1.91 0.00 21.30 43.20;
$0.00 1.91 0.00 21.30 43.20;
$0.00 1.91 0.00 21.30 43.20;
$0.00 1.91 0.00 21.30 43.20;
$0.00 1.91 0.00 21.30 43.20;
$0.00 1.91 0.00 21.30 43.20;
$0.00 1.91 0.00 21.30 43.20;
$0.00 1.91 0.00 21.30 43.20;
$0.00 1.91 0.00 21.30 43.20;
$0.00 1.91 0.00 21.30 43.20;
$0.00 1.91 0.00 21.30 43.20;
$0.00 1.91 0.00 21.30 43.20;
$0.00 1.91 0.00 21.30 43.20;
$0.00 1.91 0.00 21.30 43.20;
$0.00 1.91 0.00 21.30 43.20;
$0.00 1.91 0.00 21.30 43.20;
$0.00 1.91 0.00 21.30 43.20;
$0.00 1.91 0.00 21.30 43.20;
$0.00 1.91 0.00 21.30 43.20;
$0.00 1.91 0.00 21.30 43.20;
$0.00 1.91 0.00 21.30 43.20;
$0.00 1.91 0.00 21.30 43.20;
$0.00 1.91 0.00 21.40 43.20;
$0.00 1.91 0.00 21.40 43.20;
$0.00 1.91 0.00 21.30 43.20;
$0.00 1.91 0.00 21.30 43.20;
$0.00 1.91 0.00 21.30 43.20;
$0.00 1.91 0.00 21.30 43.20;
$0.00 1.91 0.00 21.30 43.20;
$0.00 1.91 0.00 21.30 43.20;
$0.00 1.91 0.00 21.30 43.20;
$0.00 1.91 0.00 21.30 43.20;
$0.00 1.91 0.00 21.40 43.20;
$0.00 1.91 0.00 21.40 43.20;
$0.00 1.91 0.00 21.40 43.20;
$0.00 1.91 0.00 21.40 43.20;
$0.00 1.91 0.00 21.30 43.20;
$0.00 1.91 0.00 21.30 43.20;
$0.00 1.91 0.00 21.30 43.20;
$0.00 1.90 0.00 21.30 43.20;
$0.00 1.90 0.00 21.40 43.20;
$0.00 1.90 0.00 21.40 43.20;
$0.00 1.90 0.00 21.30 43.20;
$0.00 1.90 0.00 21.30 43.20;
$0.00 1.90 0.00 21.30 43.10;
$0.00 1.90 0.00 21.30 43.10;
$0.00 1.90 0.00 21.30 43.20;
$0.00 1.90 0.00 21.30 43.20;
$0.00 1.90 0.00 21.30 43.20;
$0.00 1.90 0.00 21.30 43.20;
$0.00 1.90 0.00 21.30 43.20;
$0.00 1.90 0.00 21.30 43.20;
$0.00 1.90 0.00 21.30 43.20;
$0.00 1.90 0.00 21.30 43.10;
$0.00 1.90 0.00 21.30 43.10;
$0.00 1.90 0.00 21.30 43.10;
$0.00 1.90 0.00 21.30 43.10;
$0.00 1.90 0.00 21.30 43.10;
$0.00 1.90 0.00 21.30 43.10;
$0.00 1.90 0.00 21.40 43.20;
$0.00 1.90 0.00 21.40 43.20;
$0.00 1.90 0.00 21.30 43.10;
$0.00 1.90 0.00 21.30 43.10;
$0.00 1.90 0.00 21.30 43.10;
$0.00 1.90 0.00 21.30 43.10;
$0.00 1.90 0.00 21.40 43.10;
$0.00 1.90 0.00 21.40 43.10;
$0.00 1.90 0.00 21.40 43.10;
$0.00 1.90 0.00 21.40 43.10;
$0.00 1.90 0.00 21.40 43.20;
$0.00 1.90 0.00 21.40 43.20;
$0.00 1.90 0.00 21.30 43.10;
$0.00 1.90 0.00 21.30 43.10;
$0.00 1.90 0.00 21.30 43.10;
$0.00 1.90 0.00 21.30 43.10;
$0.00 1.90 0.00 21.40 43.10;
$0.00 1.90 0.00 21.40 43.10;
$0.00 1.90 0.00 21.40 43.10;
$0.00 1.90 0.00 21.40 43.10;
$0.00 1.90 0.00 21.40 43.10;
$0.00 1.90 0.00 21.40 43.10;
$0.00 1.90 0.00 21.40 43.10;
$0.00 1.90 0.00 21.40 43.10;
$0.00 1.90 0.00 21.40 43.10;
$0.00 1.90 0.00 21.40 43.10;
$0.00 1.90 0.00 21.40 43.10;
$0.00 1.90 0.00 21.40 43.10;
$0.00 1.90 0.00 21.40 43.10;
$0.00 1.90 0.00 21.40 43.10;
$0.00 1.90 0.00 21.40 43.10;
$0.00 1.90 0.00 21.40 43.10;
$0.00 1.90 0.00 21.40 43.10;
$0.00 1.90 0.00 21.40 43.10;
$0.00 1.90 0.00 21.40 43.10;
$0.00 1.90 0.00 21.40 43.10;
$0.00 1.90 0.00 21.40 43.10;
$0.00 1.90 0.00 21.40 43.10;
$0.00 1.90 0.00 21.40 43.10;
$0.00 1.90 0.00 21.40 43.10;
$0.00 1.90 0.00 21.40 43.10;
$0.00 1.90 0.00 21.40 43.10;
$0.00 1.90 0.00 21.40 43.10;
$0.00 1.90 0.00 21.40 43.10;
$0.00 1.90 0.00 21.40 43.10;
$0.00 1.90 0.00 21.40 43.10;
$0.00 1.90 0.00 21.40 43.10;
$0.00 1.90 0.00 21.40 43.10;
$0.00 1.90 0.00 21.40 43.10;
$0.00 1.90 0.00 21.40 43.10;
$0.00 1.90 0.00 21.40 43.10;
$0.00 1.90 0.00 21.40 43.10;
$0.00 1.90 0.00 21.40 43.10;
$0.00 1.90 0.00 21.40 43.10;
$0.00 1.90 0.00 21.40 43.10;
$0.00 1.90 0.00 21.40 43.10;
$0.00 1.90 0.00 21.40 43.10;
$0.00 1.90 0.00 21.40 43.10;
$0.00 1.90 0.00 21.40 43.10;
$0.00 1.90 0.00 21.40 43.10;
$0.00 1.90 0.00 21.40 43.10;
$0.00 1.90 0.00 21.40 43.10;
$0.00 1.90 0.00 21.40 43.10;
$0.00 1.90 0.00 21.40 43.10;
$0.00 1.90 0.00 21.40 43.10;
$0.00 1.90 0.00 21.40 43.10;
$0.00 1.90 0.00 21.40 43.10;
$0.00 1.90 0.00 21.40 43.10;
$0.00 1.90 0.00 21.40 43.10;
$0.00 1.90 0.00 21.40 43.10;
$0.00 1.90 0.00 21.40 43.10;
$0.00 1.90 0.00 21.40 43.10;
$0.00 1.90 0.00 21.40 43.10;
$0.00 1.90 0.00 21.40 43.10;
$0.00 1.90 0.00 21.40 43.10;
$0.00 1.90 0.00 21.40 43.10;
$0.00 1.90 0.00 21.40 43.10;
$0.00 1.90 0.00 21.40 43.10;
$0.00 1.90 0.00 21.40 43.10;
$0.00 1.90 0.00 21.40 43.10;
$0.00 1.90 0.00 21.40 43.10;
$0.00 1.90 0.00 21.40 43.10;
$0.00 1.90 0.00 21.40 43.10;
$0.00 1.90 0.00 21.40 43.10;
$0.00 1.90 0.00 21.40 43.10;
$0.00 1.90 0.00 21.40 43.10;
$0.00 1.90 0.00 21.40 43.10;
$0.00 1.90 0.00 21.40 43.10;
$0.00 1.90 0.00 21.40 43.10;
$0.00 1.90 0.00 21.40 43.10;
$0.00 1.90 0.00 21.40 43.10;
$0.00 1.90 0.00 21.40 43.10;
$0.00 1.90 0.00 21.40 43.10;
$0.00 1.90 0.00 21.40 43.10;
$0.00 1.90 0.00 21.40 43.10;
$0.00 1.90 0.00 21.40 43.10;
$0.00 1.90 0.00 21.40 43.10;
$0.00 1.90 0.00 21.40 43.10;
$0.00 1.90 0.00 21.40 43.10;
$0.00 1.90 0.00 21.40 43.10;
$0.00 1.90 0.00 21.40 43.10;
$0.00 1.90 0.00 21.40 43.10;
$0.00 1.90 0.00 21.40 43.10;
$0.00 1.90 0.00 21.40 43.10;
$0.00 1.90 0.00 21.40 43.10;
$0.00 1.90 0.00 21.40 43.10;
$0.00 1.90 0.00 21.40 43.10;
$0.00 1.90 0.00 21.40 43.10;
$0.00 1.90 0.00 21.40 43.10;
$0.00 1.90 0.00 21.40 43.10;
$0.00 1.90 0.00 21.40 43.10;
$0.00 1.90 0.00 21.40 43.10;
$0.00 1.90 0.00 21.50 43.10;
$0.00 1.90 0.00 21.50 43.10;
$0.00 1.90 0.00 21.50 43.10;
$0.00 1.90 0.00 21.50 43.10;
$0.00 1.90 0.00 21.50 43.10;
$0.00 1.90 0.00 21.50 43.10;
$0.00 1.90 0.00 21.50 43.10;
$0.00 1.90 0.00 21.50 43.10;
$0.00 1.90 0.00 21.40 43.10;
$0.00 1.90 0.00 21.40 43.10;
$0.00 1.90 0.00 21.50 43.10;
$0.00 1.90 0.00 21.50 43.10;
$0.00 1.90 0.00 21.50 43.10;
$0.00 1.90 0.00 21.50 43.10;
$0.00 1.90 0.00 21.50 43.10;
$0.00 1.90 0.00 21.50 43.10;
$0.00 1.90 0.00 21.50 43.10;
$0.00 1.90 0.00 21.50 43.10;
$0.00 1.90 0.00 21.50 43.10;
$0.00 1.90 0.00 21.50 43.10;
$0.00 1.90 0.00 21.50 43.10;
$0.00 1.90 0.00 21.50 43.10;
$0.00 1.90 0.00 21.50 43.10;
$0.00 1.90 0.00 21.50 43.10;
$0.00 1.90 0.00 21.50 43.10;
$0.00 1.90 0.00 21.50 43.10;
$0.00 1.90 0.00 21.50 43.10;
$0.00 1.90 0.00 21.50 43.10;
$0.00 1.90 0.00 21.50 43.10;
$0.00 1.90 0.00 21.50 43.10;
$0.00 1.90 0.00 21.50 43.10;
$0.00 1.90 0.00 21.50 43.10;
$0.00 1.89 0.00 21.50 43.10;
$0.00 1.89 0.00 21.50 43.10;
$0.00 1.89 0.00 21.50 43.10;
$0.00 1.89 0.00 21.50 43.10;
$0.00 1.89 0.00 21.50 43.10;
$0.00 1.89 0.00 21.50 43.10;
$0.00 1.89 0.00 21.50 43.10;
$0.00 1.89 0.00 21.50 43.10;
$0.00 1.90 0.00 21.50 43.10;
$0.00 1.90 0.00 21.50 43.10;
$0.00 1.90 0.00 21.50 43.10;
$0.00 1.90 0.00 21.50 43.10;
$0.00 1.90 0.00 21.50 43.10;
$0.00 1.90 0.00 21.50 43.10;
$0.00 1.90 0.00 21.50 43.10;
$0.00 1.90 0.00 21.50 43.10;
$0.00 1.90 0.00 21.50 43.10;
$0.00 1.90 0.00 21.50 43.10;
$0.00 1.90 0.00 21.50 43.10;
$0.00 1.90 0.00 21.50 43.10;
$0.00 1.90 0.00 21.50 43.10;
$0.00 1.90 0.00 21.50 43.10;
$0.00 1.90 0.00 21.50 43.10;
$0.00 1.90 0.00 21.50 43.10;
$0.00 1.90 0.00 21.50 43.10;
$0.00 1.90 0.00 21.50 43.10;
$0.00 1.89 0.00 21.50 43.10;
$0.00 1.89 0.00 21.50 43.10;
$0.00 1.89 0.00 21.50 43.10;
$0.00 1.89 0.00 21.50 43.10;
$0.00 1.89 0.00 21.50 43.10;
$0.00 1.90 0.00 21.50 43.10;
$0.00 1.90 0.00 21.50 43.10;
$0.00 1.90 0.00 21.50 43.10;
$0.00 1.90 0.00 21.50 43.10;
$0.00 1.90 0.00 21.50 43.10;
$0.00 1.90 0.00 21.50 43.10;
$0.00 1.90 0.00 21.50 43.10;
$0.00 1.90 0.00 21.50 43.10;
$0.00 1.90 0.00 21.50 43.10;
$0.00 1.90 0.00 21.50 43.10;
$0.00 1.90 0.00 21.50 43.10;
$0.00 1.90 0.00 21.50 43.10;
$0.00 1.90 0.00 21.50 43.10;
$0.00 1.90 0.00 21.50 43.10;
$0.00 1.90 0.00 21.50 43.10;
$0.00 1.90 0.00 21.50 43.10;
$0.00 1.90 0.00 21.50 43.10;
$0.00 1.90 0.00 21.50 43.10;
$0.00 1.90 0.00 21.50 43.10;
$0.00 1.90 0.00 21.50 43.00;
$0.00 1.90 0.00 21.50 43.00;
$0.00 1.90 0.00 21.50 43.00;
$0.00 1.90 0.00 21.50 43.00;
$0.00 1.90 0.00 21.50 43.00;
$0.00 1.90 0.00 21.50 43.00;
$0.00 1.90 0.00 21.50 43.00;
$0.00 1.90 0.00 21.50 43.00;
$0.00 1.90 0.00 21.50 43.00;
$0.00 1.90 0.00 21.50 43.00;
$0.00 1.90 0.00 21.50 43.00;
$0.00 1.90 0.00 21.50 43.00;
$0.00 1.90 0.00 21.50 43.00;
$0.00 1.90 0.00 21.50 43.00;
$0.00 1.90 0.00 21.50 43.00;
$0.00 1.90 0.00 21.50 43.00;
$0.00 1.90 0.00 21.50 43.00;
$0.00 1.90 0.00 21.50 43.00;
$0.00 1.90 0.00 21.50 43.00;
$0.00 1.90 0.00 21.50 43.00;
$0.00 1.90 0.00 21.50 43.00;
$0.00 1.90 0.00 21.50 43.00;
$0.00 1.90 0.00 21.50 43.00;
$0.00 1.90 0.00 21.50 43.00;
$0.00 1.90 0.00 21.50 43.00;
$0.00 1.90 0.00 21.50 43.00;
$0.00 1.90 0.00 21.50 43.00;
$0.00 1.90 0.00 21.50 43.00;
$0.00 1.90 0.00 21.50 43.00;
$0.00 1.90 0.00 21.50 43.00;
$0.00 1.90 0.00 21.50 43.00;
$0.00 1.90 0.00 21.50 43.00;
$0.00 1.90 0.00 21.50 43.00;
$0.00 1.89 0.00 21.50 43.00;
$0.00 1.89 0.00 21.50 43.00;
$0.00 1.89 0.00 21.50 43.00;
$0.00 1.89 0.00 21.50 42.90;
$0.00 1.89 0.00 21.50 42.90;
$0.00 1.89 0.00 21.60 43.00;
$0.00 1.89 0.00 21.60 43.00;
$0.00 1.89 0.00 21.60 43.00;
$0.00 1.89 0.00 21.60 43.00;
$0.00 1.89 0.00 21.60 43.00;
$0.00 1.89 0.00 21.60 43.00;
$0.00 1.89 0.00 21.60 43.00;
$0.00 1.89 0.00 21.60 43.00;
$0.00 1.89 0.00 21.60 43.00;
$0.00 1.89 0.00 21.60 43.00;
$0.00 1.89 0.00 21.50 43.00;
$0.00 1.89 0.00 21.50 43.00;
$0.00 1.89 0.00 21.60 43.00;
$0.00 1.89 0.00 21.60 43.00;
$0.00 1.89 0.00 21.60 43.00;
$0.00 1.89 0.00 21.60 43.00;
$0.00 1.89 0.00 21.60 43.00;
$0.00 1.89 0.00 21.60 43.00;
$0.00 1.89 0.00 21.60 43.00;
$0.00 1.89 0.00 21.60 43.00;
$0.00 1.89 0.00 21.60 43.00;
$0.00 1.89 0.00 21.60 43.00;
$0.00 1.89 0.00 21.60 43.00;
$0.00 1.89 0.00 21.60 43.00;
$0.00 1.89 0.00 21.60 43.00;
$0.00 1.89 0.00 21.60 43.00;
$0.00 1.89 0.00 21.60 42.90;
$0.00 1.89 0.00 21.60 42.90;
$0.00 1.89 0.00 21.60 42.90;
$0.00 1.89 0.00 21.60 42.90;
$0.00 1.89 0.00 21.60 43.00;
$0.00 1.89 0.00 21.60 43.00;
$0.00 1.89 0.00 21.60 43.00;
$0.00 1.89 0.00 21.60 43.00;
$0.00 1.89 0.00 21.60 43.00;
$0.00 1.89 0.00 21.60 43.00;
$0.00 1.89 0.00 21.60 42.90;
$0.00 1.89 0.00 21.60 42.90;
$0.00 1.89 0.00 21.60 42.90;
$0.00 1.89 0.00 21.60 42.90;
$0.00 1.89 0.00 21.60 42.90;
$0.00 1.89 0.00 21.60 42.90;
$0.00 1.89 0.00 21.60 42.90;
$0.00 1.89 0.00 21.60 42.90;
$0.00 1.89 0.00 21.60 42.90;
$0.00 1.89 0.00 21.60 42.90;
$0.00 1.89 0.00 21.60 42.90;
$0.00 1.89 0.00 21.60 42.90;
$0.00 1.89 0.00 21.60 42.90;
$0.00 1.89 0.00 21.60 42.90;
$0.00 1.89 0.00 21.60 42.90;
$0.00 1.89 0.00 21.60 42.90;
$0.00 1.89 0.00 21.60 42.90;
$0.00 1.89 0.00 21.60 42.90;
$0.00 1.89 0.00 21.60 42.90;
$0.00 1.89 0.00 21.60 42.90;
$0.00 1.89 0.00 21.60 42.90;
$0.00 1.89 0.00 21.60 42.90;
$0.00 1.89 0.00 21.60 42.90;
$0.00 1.89 0.00 21.60 42.90;
$0.00 1.89 0.00 21.60 42.90;
$0.00 1.89 0.00 21.60 42.90;
$0.00 1.89 0.00 21.60 42.90;
$0.00 1.89 0.00 21.60 42.90;
$0.00 1.89 0.00 21.60 42.90;
$0.00 1.89 0.00 21.60 42.90;
$0.00 1.89 0.00 21.60 42.90;
$0.00 1.89 0.00 21.60 42.90;
$0.00 1.89 0.00 21.60 42.90;
$0.00 1.89 0.00 21.60 42.90;
$0.00 1.89 0.00 21.60 42.90;
$0.00 1.89 0.00 21.60 42.90;
$0.00 1.89 0.00 21.60 42.90;
$0.00 1.89 0.00 21.60 42.90;
$0.00 1.89 0.00 21.60 42.90;
$0.00 1.89 0.00 21.60 42.90;
$0.00 1.89 0.00 21.60 42.90;
$0.00 1.89 0.00 21.60 42.90;
$0.00 1.89 0.00 21.60 42.90;
$0.00 1.89 0.00 21.60 42.90;
$0.00 1.89 0.00 21.60 42.90;
$0.00 1.89 0.00 21.60 42.90;
$0.00 1.89 0.00 21.60 42.90;
$0.00 1.89 0.00 21.60 42.90;
$0.00 1.89 0.00 21.60 42.90;
$0.00 1.89 0.00 21.60 42.90;
$0.00 1.89 0.00 21.60 42.90;
$0.00 1.89 0.00 21.60 42.90;
$0.00 1.89 0.00 21.60 42.90;
$0.00 1.89 0.00 21.60 42.90;
$0.00 1.89 0.00 21.60 42.90;
$0.00 1.89 0.00 21.60 42.90;
$0.00 1.89 0.00 21.60 42.90;
$0.00 1.89 0.00 21.60 42.90;
$0.00 1.89 0.00 21.60 42.90;
$0.00 1.89 0.00 21.60 42.90;
$0.00 1.89 0.00 21.60 42.90;
$0.00 1.89 0.00 21.60 42.90;
$0.00 1.89 0.00 21.60 42.90;
$0.00 1.89 0.00 21.60 42.90;
$0.00 1.89 0.00 21.60 42.90;
$0.00 1.89 0.00 21.60 42.90;
$0.00 1.89 0.00 21.60 42.80;
$0.00 1.89 0.00 21.60 42.80;
$0.00 1.89 0.00 21.60 42.90;
$0.00 1.89 0.00 21.60 42.90;
$0.00 1.89 0.00 21.60 42.90;
$0.00 1.89 0.00 21.60 42.90;
$0.00 1.89 0.00 21.60 42.90;
$0.00 1.89 0.00 21.60 42.90;
$0.00 1.89 0.00 21.60 42.90;
$0.00 1.89 0.00 21.60 42.90;
$0.00 1.89 0.00 21.60 42.90;
$0.00 1.89 0.00 21.60 42.90;
$0.00 1.89 0.00 21.60 42.90;
$0.00 1.89 0.00 21.60 42.90;
$0.00 1.89 0.00 21.60 42.90;
$0.00 1.89 0.00 21.60 42.90;
$0.00 1.89 0.00 21.60 42.90;
$0.00 1.89 0.00 21.60 42.90;
$0.00 1.89 0.00 21.70 42.90;
$0.00 1.89 0.00 21.70 42.90;
$0.00 1.89 0.00 21.70 42.90;
$0.00 1.89 0.00 21.70 42.90;
$0.00 1.89 0.00 21.70 42.90;
$0.00 1.89 0.00 21.70 42.90;
$0.00 1.89 0.00 21.60 42.80;
$0.00 1.89 0.00 21.60 42.80;
$0.00 1.89 0.00 21.60 42.90;
$0.00 1.89 0.00 21.60 42.90;
$0.00 1.89 0.00 21.70 42.90;
$0.00 1.89 0.00 21.70 42.90;
$0.00 1.89 0.00 21.70 42.90;
$0.00 1.89 0.00 21.70 42.90;
$0.00 1.89 0.00 21.70 42.90;
$0.00 1.89 0.00 21.70 42.90;
$0.00 1.89 0.00 21.70 42.90;
$0.00 1.89 0.00 21.70 42.90;
$0.00 1.89 0.00 21.70 42.90;
$0.00 1.89 0.00 21.70 42.90;
$0.00 1.89 0.00 21.70 42.90;
$0.00 1.89 0.00 21.70 42.90;
$0.00 1.89 0.00 21.60 42.90;
$0.00 1.89 0.00 21.60 42.90;
$0.00 1.89 0.00 21.70 42.90;
$0.00 1.89 0.00 21.70 42.90;
$0.00 1.89 0.00 21.60 42.80;
$0.00 1.89 0.00 21.60 42.80;
$0.00 1.89 0.00 21.70 42.90;
$0.00 1.89 0.00 21.70 42.90;
$0.00 1.89 0.00 21.60 42.90;
$0.00 1.89 0.00 21.60 42.90;
$0.00 1.89 0.00 21.70 42.90;
$0.00 1.89 0.00 21.70 42.90;
$0.00 1.89 0.00 21.70 42.90;
$0.00 1.89 0.00 21.70 42.90;
$0.00 1.89 0.00 21.70 42.90;
$0.00 1.89 0.00 21.70 42.90;
$0.00 1.89 0.00 21.70 42.90;
$0.00 1.89 0.00 21.70 42.90;
$0.00 1.89 0.00 21.70 42.90;
$0.00 1.89 0.00 21.70 42.90;
$0.00 1.89 0.00 21.70 42.90;
$0.00 1.89 0.00 21.70 42.90;
$0.00 1.89 0.00 21.70 42.90;
$0.00 1.89 0.00 21.70 42.90;
$0.00 1.89 0.00 21.70 42.90;
$0.00 1.89 0.00 21.70 42.90;
$0.00 1.89 0.00 21.70 42.90;
$0.00 1.89 0.00 21.70 42.90;
$0.00 1.89 0.00 21.70 42.90;
$0.00 1.89 0.00 21.70 42.90;
$0.00 1.89 0.00 21.70 42.90;
$0.00 1.89 0.00 21.70 42.90;
$0.00 1.89 0.00 21.70 42.90;
$0.00 1.89 0.00 21.70 42.90;
$0.00 1.89 0.00 21.70 42.90;
$0.00 1.89 0.00 21.70 42.90;
$0.00 1.89 0.00 21.70 42.90;
$0.00 1.89 0.00 21.70 42.90;
$0.00 1.89 0.00 21.70 42.90;
$0.00 1.89 0.00 21.70 42.90;
$0.00 1.89 0.00 21.70 42.90;
$0.00 1.89 0.00 21.70 42.90;
$0.00 1.89 0.00 21.70 42.90;
$0.00 1.89 0.00 21.70 42.90;
$0.00 1.89 0.00 21.70 42.90;
$0.00 1.89 0.00 21.70 42.90;
$0.00 1.89 0.00 21.70 42.90;
$0.00 1.89 0.00 21.70 42.90;
$0.00 1.89 0.00 21.70 42.90;
$0.00 1.89 0.00 21.70 42.90;
$0.00 1.89 0.00 21.70 42.90;
$0.00 1.89 0.00 21.70 42.90;
$0.00 1.89 0.00 21.70 42.90;
$0.00 1.89 0.00 21.70 42.90;
$0.00 1.89 0.00 21.70 42.90;
$0.00 1.89 0.00 21.70 42.90;
$0.00 1.89 0.00 21.70 42.90;
$0.00 1.89 0.00 21.70 42.90;
$0.00 1.89 0.00 21.70 42.90;
$0.00 1.89 0.00 21.70 42.90;
$0.00 1.89 0.00 21.70 42.90;
$0.00 1.89 0.00 21.70 42.90;
$0.00 1.89 0.00 21.70 42.90;
$0.00 1.89 0.00 21.70 42.90;
$0.00 1.89 0.00 21.70 42.90;
$0.00 1.89 0.00 21.70 42.90;
$0.00 1.89 0.00 21.70 42.90;
$0.00 1.89 0.00 21.70 42.90;
$0.00 1.89 0.00 21.70 42.90;
$0.00 1.89 0.00 21.70 42.90;
$0.00 1.89 0.00 21.70 42.90;
$0.00 1.89 0.00 21.70 42.90;
$0.00 1.89 0.00 21.70 42.90;
$0.00 1.89 0.00 21.70 42.90;
$0.00 1.89 0.00 21.70 42.90;
$0.00 1.89 0.00 21.70 42.90;
$0.00 1.89 0.00 21.70 42.90;
$0.00 1.89 0.00 21.70 42.90;
$0.00 1.89 0.00 21.70 42.90;
$0.00 1.89 0.00 21.70 42.90;
$0.00 1.89 0.00 21.70 42.90;
$0.00 1.89 0.00 21.70 42.90;
$0.00 1.89 0.00 21.70 42.90;
$0.00 1.89 0.00 21.70 42.90;
$0.00 1.89 0.00 21.70 42.90;
$0.00 1.89 0.00 21.70 42.90;
$0.00 1.88 0.00 21.70 42.90;
$0.00 1.88 0.00 21.70 42.90;
$0.00 1.89 0.00 21.70 42.90;
$0.00 1.89 0.00 21.70 42.90;
$0.00 1.88 0.00 21.70 42.90;
$0.00 1.88 0.00 21.70 42.90;
$0.00 1.88 0.00 21.70 42.90;
$0.00 1.88 0.00 21.70 42.90;
$0.00 1.88 0.00 21.80 43.00;
$0.00 1.88 0.00 21.80 43.00;
$0.00 1.88 0.00 21.70 42.90;
$0.00 1.88 0.00 21.70 42.90;
$0.00 1.88 0.00 21.70 42.90;
$0.00 1.88 0.00 21.70 42.90;
$0.00 1.88 0.00 21.70 42.90;
$0.00 1.88 0.00 21.70 42.90;
$0.00 1.88 0.00 21.80 43.00;
$0.00 1.88 0.00 21.80 43.00;
$0.00 1.88 0.00 21.80 42.90;
$0.00 1.88 0.00 21.80 42.90;
$0.00 1.88 0.00 21.80 43.00;
$0.00 1.88 0.00 21.80 43.00;
$0.00 1.88 0.00 21.80 43.00;
$0.00 1.88 0.00 21.80 43.00;
$0.00 1.88 0.00 21.70 42.90;
$0.00 1.88 0.00 21.70 42.90;
$0.00 1.88 0.00 21.80 42.90;
$0.00 1.88 0.00 21.80 42.90;
$0.00 1.88 0.00 21.80 43.00;
$0.00 1.88 0.00 21.80 43.00;
$0.00 1.88 0.00 21.70 42.90;
$0.00 1.88 0.00 21.70 42.90;
$0.00 1.88 0.00 21.70 42.90;
$0.00 1.88 0.00 21.70 42.90;
$0.00 1.88 0.00 21.70 42.90;
$0.00 1.88 0.00 21.70 42.90;
$0.00 1.88 0.00 21.70 42.90;
$0.00 1.88 0.00 21.70 42.90;
$0.00 1.88 0.00 21.80 42.90;
$0.00 1.88 0.00 21.80 42.90;
$0.00 1.88 0.00 21.70 42.90;
$0.00 1.88 0.00 21.70 42.90;
$0.00 1.88 0.00 21.70 42.90;
$0.00 1.88 0.00 21.70 42.90;
$0.00 1.88 0.00 21.80 42.90;
$0.00 1.88 0.00 21.80 42.90;
$0.00 1.88 0.00 21.80 42.90;
$0.00 1.88 0.00 21.80 42.90;
$0.00 1.88 0.00 21.80 42.90;
$0.00 1.88 0.00 21.80 42.90;
$0.00 1.88 0.00 21.70 42.80;
$0.00 1.88 0.00 21.70 42.80;
$0.00 1.88 0.00 21.80 42.90;
$0.00 1.88 0.00 21.80 42.90;
$0.00 1.88 0.00 21.80 42.90;
$0.00 1.88 0.00 21.80 42.90;
$0.00 1.88 0.00 21.80 42.90;
$0.00 1.88 0.00 21.80 42.90;
$0.00 1.88 0.00 21.80 42.90;
$0.00 1.88 0.00 21.80 42.90;
$0.00 1.88 0.00 21.80 42.90;
$0.00 1.88 0.00 21.80 42.90;
$0.00 1.88 0.00 21.80 42.90;
$0.00 1.88 0.00 21.80 42.90;
$0.00 1.88 0.00 21.80 42.80;
$0.00 1.88 0.00 21.80 42.80;
$0.00 1.88 0.00 21.80 42.90;
$0.00 1.88 0.00 21.80 42.90;
$0.00 1.88 0.00 21.80 42.90;
$0.00 1.88 0.00 21.80 42.90;
$0.00 1.88 0.00 21.80 42.80;
$0.00 1.88 0.00 21.80 42.80;
$0.00 1.88 0.00 21.80 42.90;
$0.00 1.88 0.00 21.80 42.90;
$0.00 1.88 0.00 21.80 42.80;
$0.00 1.88 0.00 21.80 42.80;
$0.00 1.88 0.00 21.80 42.80;
$0.00 1.88 0.00 21.80 42.80;
$0.00 1.88 0.00 21.80 42.80;
$0.00 1.88 0.00 21.80 42.80;
$0.00 1.88 0.00 21.80 42.80;
$0.00 1.88 0.00 21.80 42.80;
$0.00 1.88 0.00 21.80 42.80;
$0.00 1.88 0.00 21.80 42.80;
$0.00 1.88 0.00 21.80 42.80;
$0.00 1.88 0.00 21.80 42.80;
$0.00 1.88 0.00 21.80 42.80;
$0.00 1.88 0.00 21.80 42.80;
$0.00 1.88 0.00 21.80 42.80;
$0.00 1.88 0.00 21.80 42.80;
$0.00 1.88 0.00 21.80 42.80;
$0.00 1.88 0.00 21.80 42.80;
$0.00 1.88 0.00 21.80 42.80;
$0.00 1.88 0.00 21.80 42.80;
$0.00 1.88 0.00 21.80 42.80;
$0.00 1.88 0.00 21.80 42.80;
$0.00 1.88 0.00 21.80 42.80;
$0.00 1.88 0.00 21.80 42.80;
$0.00 1.88 0.00 21.80 42.80;
$0.00 1.88 0.00 21.80 42.80;
$0.00 1.88 0.00 21.80 42.80;
$0.00 1.88 0.00 21.80 42.80;
$0.00 1.88 0.00 21.80 42.80;
$0.00 1.88 0.00 21.80 42.80;
$0.00 1.88 0.00 21.80 42.80;
$0.00 1.88 0.00 21.80 42.80;
$0.00 1.88 0.00 21.80 42.80;
$0.00 1.88 0.00 21.80 42.80;
$0.00 1.88 0.00 21.80 42.80;
$0.00 1.88 0.00 21.80 42.80;
$0.00 1.88 0.00 21.80 42.80;
$0.00 1.88 0.00 21.80 42.80;
$0.00 1.88 0.00 21.80 42.80;
$0.00 1.88 0.00 21.80 42.80;
$0.00 1.88 0.00 21.80 42.80;
$0.00 1.88 0.00 21.80 42.80;
$0.00 1.88 0.00 21.80 42.80;
$0.00 1.88 0.00 21.80 42.80;
$0.00 1.88 0.00 21.80 42.80;
$0.00 1.88 0.00 21.80 42.80;
$0.00 1.88 0.00 21.80 42.80;
$0.00 1.88 0.00 21.80 42.80;
$0.00 1.88 0.00 21.80 42.80;
$0.00 1.88 0.00 21.80 42.80;
$0.00 1.88 0.00 21.80 42.80;
$0.00 1.88 0.00 21.80 42.80;
$0.00 1.88 0.00 21.80 42.80;
$0.00 1.88 0.00 21.80 42.80;
$0.00 1.88 0.00 21.80 42.80;
$0.00 1.88 0.00 21.80 42.80;
$0.00 1.88 0.00 21.80 42.80;
$0.00 1.88 0.00 21.80 42.80;
$0.00 1.88 0.00 21.80 42.80;
$0.00 1.88 0.00 21.80 42.80;
$0.00 1.88 0.00 21.80 42.80;
$0.00 1.88 0.00 21.80 42.80;
$0.00 1.88 0.00 21.80 42.80;
$0.00 1.88 0.00 21.80 42.80;
$0.00 1.88 0.00 21.90 42.80;
$0.00 1.88 0.00 21.90 42.80;
$0.00 1.88 0.00 21.80 42.80;
$0.00 1.88 0.00 21.80 42.80;
$0.00 1.88 0.00 21.80 42.80;
$0.00 1.88 0.00 21.80 42.80;
$0.00 1.88 0.00 21.90 42.80;
$0.00 1.88 0.00 21.90 42.80;
$0.00 1.88 0.00 21.80 42.80;
$0.00 1.88 0.00 21.80 42.80;
$0.00 1.88 0.00 21.80 42.80;
$0.00 1.88 0.00 21.80 42.80;
$0.00 1.88 0.00 21.80 42.80;
$0.00 1.88 0.00 21.80 42.80;
$0.00 1.88 0.00 21.80 42.80;
$0.00 1.88 0.00 21.80 42.80;
$0.00 1.88 0.00 21.80 42.80;
$0.00 1.88 0.00 21.80 42.80;
$0.00 1.88 0.00 21.90 42.80;
$0.00 1.88 0.00 21.90 42.80;
$0.00 1.88 0.00 21.80 42.80;
$0.00 1.88 0.00 21.80 42.80;
$0.00 1.88 0.00 21.90 42.80;
$0.00 1.88 0.00 21.90 42.80;
$0.00 1.88 0.00 21.90 42.80;
$0.00 1.88 0.00 21.90 42.80;
$0.00 1.88 0.00 21.90 42.80;
$0.00 1.88 0.00 21.90 42.80;
$0.00 1.88 0.00 21.80 42.80;
$0.00 1.88 0.00 21.80 42.80;
$0.00 1.88 0.00 21.90 42.80;
$0.00 1.88 0.00 21.90 42.80;
$0.00 1.88 0.00 21.90 42.80;
$0.00 1.88 0.00 21.90 42.80;
$0.00 1.88 0.00 21.90 42.80;
$0.00 1.88 0.00 21.90 42.80;
$0.00 1.88 0.00 21.90 42.80;
$0.00 1.88 0.00 21.90 42.80;
$0.00 1.88 0.00 21.90 42.80;
$0.00 1.88 0.00 21.90 42.80;
$0.00 1.88 0.00 21.90 42.80;
$0.00 1.88 0.00 21.90 42.80;
$0.00 1.88 0.00 21.90 42.80;
$0.00 1.88 0.00 21.90 42.80;
$0.00 1.88 0.00 21.90 42.80;
$0.00 1.88 0.00 21.90 42.80;
$0.00 1.88 0.00 21.90 42.80;
$0.00 1.88 0.00 21.90 42.80;
$0.00 1.88 0.00 21.90 42.80;
$0.00 1.88 0.00 21.90 42.80;
$0.00 1.88 0.00 21.90 42.80;
$0.00 1.88 0.00 21.90 42.80;
$0.00 1.88 0.00 21.90 42.80;
$0.00 1.88 0.00 21.90 42.80;
$0.00 1.88 0.00 21.90 42.80;
$0.00 1.88 0.00 21.90 42.80;
$0.00 1.88 0.00 21.90 42.80;
$0.00 1.88 0.00 21.90 42.80;
$0.00 1.88 0.00 21.90 42.80;
$0.00 1.88 0.00 21.90 42.80;
$0.00 1.88 0.00 21.90 42.80;
$0.00 1.88 0.00 21.90 42.80;
$0.00 1.88 0.00 21.90 42.80;
$0.00 1.88 0.00 21.90 42.80;
$0.00 1.88 0.00 21.90 42.80;
$0.00 1.88 0.00 21.90 42.80;
$0.00 1.88 0.00 21.90 42.80;
$0.00 1.88 0.00 21.90 42.80;
$0.00 1.88 0.00 21.90 42.80;
$0.00 1.88 0.00 21.90 42.80;
$0.00 1.88 0.00 21.90 42.80;
$0.00 1.88 0.00 21.90 42.80;
$0.00 1.88 0.00 21.90 42.80;
$0.00 1.88 0.00 21.90 42.80;
$0.00 1.88 0.00 21.90 42.80;
$0.00 1.88 0.00 21.90 42.80;
$0.00 1.88 0.00 21.90 42.80;
$0.00 1.88 0.00 21.90 42.80;
$0.00 1.88 0.00 21.90 42.80;
$0.00 1.88 0.00 21.90 42.80;
$0.00 1.88 0.00 21.90 42.80;
$0.00 1.88 0.00 21.90 42.80;
$0.00 1.88 0.00 21.90 42.80;
$0.00 1.88 0.00 21.90 42.80;
$0.00 1.88 0.00 21.90 42.80;
$0.00 1.88 0.00 21.90 42.80;
$0.00 1.88 0.00 21.90 42.80;
$0.00 1.88 0.00 21.90 42.80;
$0.00 1.88 0.00 21.90 42.80;
$0.00 1.88 0.00 21.90 42.80;
$0.00 1.88 0.00 21.90 42.80;
$0.00 1.88 0.00 21.90 42.80;
$0.00 1.88 0.00 21.90 42.80;
$0.00 1.88 0.00 21.90 42.80;
$0.00 1.88 0.00 21.90 42.80;
$0.00 1.88 0.00 21.90 42.80;
$0.00 1.88 0.00 21.90 42.80;
$0.00 1.88 0.00 21.90 42.80;
$0.00 1.88 0.00 21.90 42.80;
$0.00 1.88 0.00 21.90 42.80;
$0.00 1.88 0.00 21.90 42.80;
$0.00 1.88 0.00 21.90 42.80;
$0.00 1.88 0.00 21.90 42.80;
$0.00 1.88 0.00 21.90 42.80;
$0.00 1.88 0.00 21.90 42.80;
$0.00 1.88 0.00 21.90 42.80;
$0.00 1.88 0.00 21.90 42.80;
$0.00 1.88 0.00 21.90 42.80;
